2 2 1.5708 0 0 
1.9999 1.95 1.56479 0.00813269 0.06 
1.9992 1.90001 1.54674 0.0348509 0.12 
1.99749 1.85004 1.52868 0.0677664 0.06 
1.99519 1.80009 1.52268 0.0907834 -8.67362e-19 
1.99288 1.75014 1.52868 0.101877 -0.06 
1.99118 1.70017 1.54674 0.0984736 -0.12 
1.99068 1.65018 1.57697 0.0773237 -0.18 
1.992 1.6002 1.61962 0.0343379 -0.24 
1.99577 1.55035 1.67499 -0.0355769 -0.3 
2.00262 1.50083 1.74351 -0.138616 -0.36 
1.99876 1.52553 1.70925 -0.0845863 -0.3 
1.99566 1.55033 1.68157 -0.0434115 -0.24 
1.99318 1.57521 1.66024 -0.0136945 -0.18 
1.99855 1.5255 1.69664 -0.0675185 -0.18 
2.00572 1.47602 1.73303 -0.132677 -0.18 
2.0147 1.42684 1.76943 -0.211405 -0.18 
2.02545 1.37801 1.80582 -0.306199 -0.18 
2.03798 1.32961 1.84221 -0.419692 -0.18 
2.05226 1.28169 1.87861 -0.554364 -0.18 
2.04488 1.30558 1.86247 -0.486717 -0.14 
2.03785 1.32957 1.85041 -0.429308 -0.1 
2.03105 1.35363 1.84239 -0.381458 -0.06 
2.03779 1.32955 1.84339 -0.420296 0.04 
2.04443 1.30545 1.83436 -0.449652 0.14 
2.05073 1.28126 1.81511 -0.468447 0.24 
2.05644 1.25692 1.78524 -0.475216 0.34 
2.06128 1.23239 1.7441 -0.468 0.44 
2.06757 1.18281 1.64994 -0.435035 0.44 
2.06918 1.13285 1.55578 -0.395365 0.44 
2.06607 1.08297 1.46163 -0.347526 0.44 
2.0583 1.0336 1.36747 -0.289707 0.44 
2.04591 0.985173 1.27332 -0.219681 0.44 
2.02903 0.938129 1.17916 -0.134736 0.44 
2.0078 0.892881 1.085 -0.0316214 0.44 
1.98241 0.849829 0.990847 0.0934108 0.44 
1.95308 0.809356 0.896691 0.244397 0.44 
1.92008 0.771818 0.802535 0.425105 0.44 
1.93704 0.790185 0.8472 0.333772 0.4 
1.9532 0.809252 0.887147 0.255709 0.36 
1.96864 0.828915 0.922526 0.18989 0.32 
1.98342 0.849079 0.953464 0.135256 0.28 
1.99761 0.86966 0.98007 0.0907672 0.24 
2.01129 0.890582 1.00244 0.0554439 0.2 
2.02455 0.911778 1.02063 0.0283829 0.16 
2.01132 0.890564 1.00654 0.0500639 0.12 
1.99784 0.869511 0.996506 0.0685202 0.08 
1.98419 0.848567 0.990498 0.0834706 0.04 
1.97045 0.827678 0.988497 0.0945888 -1.76833e-16 
1.95672 0.806789 0.990498 0.1015 -0.04 
1.94307 0.785845 0.996506 0.103773 -0.08 
1.92958 0.764792 1.00654 0.100918 -0.12 
1.90324 0.722295 1.02258 0.0994936 -0.04 
1.87724 0.679587 1.02258 0.120187 0.04 
1.8509 0.63709 1.00654 0.167612 0.12 
1.83742 0.616037 0.996506 0.197791 0.08 
1.82376 0.595093 0.990498 0.225603 0.04 
1.81003 0.574204 0.988497 0.250838 -2.46222e-16 
1.7963 0.553315 0.990498 0.273249 -0.04 
1.78264 0.532371 0.996506 0.292554 -0.08 
1.76916 0.511318 1.00654 0.308427 -0.12 
1.74296 0.468733 1.03269 0.336547 -0.14 
1.71798 0.425427 1.06292 0.364731 -0.16 
1.6944 0.381337 1.09725 0.392932 -0.18 
1.67244 0.336419 1.13571 0.421084 -0.2 
1.65233 0.290649 1.17834 0.449105 -0.22 
1.63427 0.244026 1.22518 0.476887 -0.24 
1.61853 0.196576 1.27625 0.5043 -0.26 
1.60533 0.148357 1.3316 0.531181 -0.28 
1.59492 0.0994601 1.39128 0.557334 -0.3 
1.58755 0.0500141 1.45535 0.582522 -0.32 
1.59081 0.0748005 1.42658 0.56552 -0.24 
1.59467 0.0995001 1.4063 0.539911 -0.16 
1.59893 0.124134 1.39423 0.506685 -0.08 
1.60339 0.148734 1.39023 0.466627 -3.12467e-16 
1.60784 0.173333 1.39423 0.420347 0.08 
1.6121 0.197968 1.4063 0.368303 0.16 
1.61596 0.222667 1.42658 0.310808 0.24 
1.61922 0.247454 1.45535 0.248034 0.32 
1.62165 0.272334 1.49301 0.180002 0.4 
1.62302 0.297294 1.54012 0.106571 0.48 
1.62165 0.272334 1.49301 0.180002 0.4 
1.61922 0.247454 1.45535 0.248034 0.32 
1.61596 0.222667 1.42658 0.310808 0.24 
1.61928 0.247446 1.4479 0.25714 0.18 
1.61601 0.22266 1.43278 0.302764 0.12 
1.61245 0.197916 1.42376 0.344711 0.06 
1.60874 0.173193 1.42075 0.382705 -3.75568e-16 
1.60503 0.14847 1.42376 0.416396 -0.06 
1.60146 0.123726 1.43278 0.445358 -0.12 
1.5982 0.0989399 1.4479 0.469076 -0.18 
1.59538 0.0740991 1.46922 0.486936 -0.24 
1.59318 0.0491972 1.49691 0.498206 -0.3 
1.59175 0.0242395 1.53117 0.502014 -0.36 
1.59126 -0.000753919 1.57229 0.497315 -0.42 
1.59186 -0.0257444 1.61815 0.485988 -0.44 
1.59364 -0.0506784 1.66646 0.470415 -0.46 
1.59666 -0.0754934 1.71726 0.450111 -0.48 
1.60096 -0.100118 1.7706 0.424524 -0.5 
1.6135 -0.148496 1.87728 0.365395 -0.48 
1.63099 -0.195311 1.97888 0.300931 -0.46 
1.65304 -0.240167 2.0755 0.229763 -0.44 
1.67921 -0.282753 2.16722 0.150251 -0.42 
1.70907 -0.322836 2.25415 0.0604551 -0.4 
1.74221 -0.360256 2.33637 -0.0418768 -0.38 
1.77823 -0.394912 2.41394 -0.15926 -0.36 
1.81676 -0.426761 2.48695 -0.294329 -0.34 
1.83684 -0.441659 2.5179 -0.364294 -0.26 
1.8573 -0.456017 2.54028 -0.429422 -0.18 
1.87803 -0.47 2.55438 -0.489603 -0.1 
1.89891 -0.48374 2.56542 -0.550968 -0.12 
1.91996 -0.497226 2.5785 -0.620048 -0.14 
1.8989 -0.483761 2.56846 -0.554592 -0.06 
1.87792 -0.470169 2.56646 -0.503695 0.02 
1.85691 -0.45662 2.57247 -0.466405 0.1 
1.83576 -0.443282 2.58657 -0.441829 0.18 
1.81438 -0.430332 2.60894 -0.429189 0.26 
1.79266 -0.417956 2.63989 -0.42785 0.34 
1.77051 -0.406357 2.67986 -0.437354 0.42 
1.7479 -0.395696 2.72098 -0.447251 0.36 
1.7249 -0.385893 2.75524 -0.448143 0.3 
1.70162 -0.376807 2.78293 -0.441142 0.24 
1.67811 -0.368294 2.80425 -0.427174 0.18 
1.65445 -0.360211 2.81937 -0.407017 0.12 
1.6307 -0.352421 2.8294 -0.382543 0.08 
1.60688 -0.344822 2.83541 -0.355364 0.04 
1.58303 -0.337318 2.83741 -0.325739 -3.98878e-16 
1.55919 -0.329814 2.83541 -0.293894 -0.04 
1.53537 -0.322215 2.8294 -0.260024 -0.08 
1.51161 -0.314425 2.81937 -0.224295 -0.12 
1.48795 -0.306349 2.80527 -0.186847 -0.16 
1.46443 -0.297893 2.78707 -0.147791 -0.2 
1.44108 -0.288961 2.76471 -0.107216 -0.24 
1.41796 -0.279461 2.7381 -0.0651845 -0.28 
1.3951 -0.26934 2.71256 -0.0283704 -0.22 
1.37247 -0.25871 2.69332 -0.00255035 -0.16 
1.35002 -0.247717 2.68024 0.0134498 -0.1 
1.32767 -0.236498 2.67323 0.0206454 -0.04 
1.30539 -0.225175 2.67023 0.0223649 -0.02 
1.28312 -0.213808 2.66923 0.0215055 -4.11184e-16 
1.26085 -0.202441 2.67023 0.0183045 0.02 
1.23856 -0.191118 2.67323 0.0129756 0.04 
1.21623 -0.179884 2.67824 0.00571084 0.06 
1.19384 -0.168755 2.68124 0.001613 -4.17201e-16 
1.17146 -0.157626 2.67824 0.00515589 -0.06 
1.14914 -0.146363 2.66921 0.0156656 -0.12 
1.12696 -0.134831 2.65409 0.0325828 -0.18 
1.10499 -0.122898 2.63277 0.0554533 -0.24 
1.08332 -0.11043 2.60508 0.0839218 -0.3 
1.06205 -0.0972976 2.57082 0.117727 -0.36 
1.08335 -0.110389 2.61077 0.0764767 -0.4 
1.10518 -0.122568 2.65543 0.0247574 -0.44 
1.12756 -0.133706 2.70499 -0.0387054 -0.48 
1.15046 -0.143722 2.75209 -0.105434 -0.4 
1.17377 -0.15276 2.78976 -0.166207 -0.32 
1.19736 -0.161019 2.81853 -0.221131 -0.24 
1.22115 -0.168699 2.83881 -0.270137 -0.16 
1.24507 -0.175993 2.85088 -0.313 -0.08 
1.22113 -0.168771 2.84787 -0.281196 0.02 
1.19718 -0.161597 2.85489 -0.264246 0.12 
1.17315 -0.154713 2.87207 -0.261033 0.22 
1.14897 -0.148369 2.89977 -0.270762 0.32 
1.12459 -0.142831 2.93859 -0.292977 0.42 
1.1 -0.13833 2.98206 -0.318612 0.4 
1.07524 -0.134871 3.02317 -0.339101 0.38 
1.05037 -0.132367 3.05745 -0.349503 0.28 
1.02544 -0.13058 3.08089 -0.346002 0.18 
1.00047 -0.129248 3.09397 -0.330419 0.08 
0.975497 -0.128116 3.09697 -0.304114 -0.02 
0.950525 -0.126934 3.08996 -0.268077 -0.12 
0.925569 -0.125451 3.07278 -0.22297 -0.22 
0.900654 -0.123409 3.04508 -0.169157 -0.32 
0.875811 -0.120615 3.01522 -0.117713 -0.26 
0.851051 -0.117161 2.9918 -0.0786835 -0.2 
0.826367 -0.113206 2.97463 -0.0507644 -0.14 
0.80174 -0.108902 2.96358 -0.0328037 -0.08 
0.777148 -0.104402 2.95858 -0.0237981 -0.02 
0.75257 -0.0998273 2.95658 -0.0191961 -0.02 
0.728002 -0.0952037 2.95458 -0.0150159 -0.02 
0.70345 -0.09049 2.94756 -0.00505011 -0.12 
0.678958 -0.0854801 2.93038 0.0163029 -0.22 
0.654584 -0.079923 2.90268 0.0484304 -0.32 
0.630409 -0.07356 2.86386 0.0910634 -0.42 
0.606544 -0.0661224 2.81301 0.144305 -0.52 
0.583106 -0.0574321 2.76216 0.192377 -0.42 
0.560079 -0.0477017 2.72333 0.221535 -0.32 
0.537387 -0.0372119 2.69563 0.234641 -0.22 
0.514935 -0.0262163 2.67845 0.233899 -0.12 
0.492617 -0.0149502 2.67143 0.220985 -0.02 
0.470322 -0.00363937 2.67444 0.197152 0.08 
0.447938 0.00749197 2.68752 0.163289 0.18 
0.425391 0.0182912 2.70061 0.13267 0.08 
0.402757 0.0289092 2.70361 0.117005 -0.02 
0.380146 0.0395724 2.69659 0.114879 -0.12 
0.357664 0.0505079 2.67941 0.125231 -0.22 
0.335434 0.0619439 2.65171 0.147348 -0.32 
0.313597 0.0741112 2.61289 0.180865 -0.42 
0.292273 0.0871578 2.57406 0.21108 -0.32 
0.271393 0.100906 2.54636 0.225137 -0.22 
0.250826 0.115118 2.52918 0.225253 -0.12 
0.230433 0.129578 2.52217 0.213116 -0.02 
0.210068 0.144078 2.52517 0.189989 0.08 
0.189587 0.158415 2.53825 0.156769 0.18 
0.168849 0.172375 2.56169 0.11403 0.28 
0.147718 0.185732 2.59597 0.0620253 0.38 
0.12607 0.198233 2.64188 0.000675153 0.48 
0.103843 0.209673 2.68899 -0.0562933 0.4 
0.0811521 0.220162 2.72665 -0.0965993 0.32 
0.0581247 0.229894 2.75543 -0.122453 0.24 
0.0348654 0.239058 2.77571 -0.135681 0.16 
0.0114609 0.247845 2.78777 -0.137773 0.08 
-0.0120135 0.256445 2.79178 -0.129939 -4.64689e-16 
-0.035488 0.265044 2.78777 -0.113139 -0.08 
-0.0588925 0.273832 2.77571 -0.0881199 -0.16 
-0.0821518 0.282996 2.75543 -0.0554362 -0.24 
-0.105179 0.292727 2.72665 -0.0154582 -0.32 
-0.127902 0.30315 2.69788 0.0206921 -0.24 
-0.150363 0.314126 2.6776 0.0432561 -0.16 
-0.172644 0.325464 2.66554 0.0538095 -0.08 
-0.194834 0.33698 2.66153 0.0536454 -4.79001e-16 
-0.217023 0.348496 2.66554 0.0438071 0.08 
-0.239304 0.359834 2.6776 0.0251154 0.16 
-0.261766 0.37081 2.69788 -0.00181124 0.24 
-0.28447 0.381273 2.7213 -0.029959 0.22 
-0.307403 0.391226 2.74261 -0.0529822 0.2 
-0.330533 0.400712 2.76185 -0.0713729 0.18 
-0.353832 0.409775 2.77901 -0.0855769 0.16 
-0.377274 0.418461 2.79413 -0.095997 0.14 
-0.400837 0.426816 2.8072 -0.102997 0.12 
-0.424498 0.434887 2.81824 -0.106903 0.1 
-0.448239 0.442719 2.82727 -0.108009 0.08 
-0.472043 0.450361 2.83428 -0.106582 0.06 
-0.495891 0.45786 2.83929 -0.102858 0.04 
-0.519782 0.465223 2.84731 -0.103218 0.12 
-0.54376 0.472298 2.86345 -0.11337 0.2 
-0.567876 0.478884 2.88794 -0.13267 0.28 
-0.592172 0.484773 2.9211 -0.160675 0.36 
-0.616664 0.489781 2.95874 -0.191428 0.36 
-0.641327 0.493863 2.99638 -0.219358 0.36 
-0.666126 0.497014 3.03402 -0.244729 0.36 
-0.691026 0.49923 3.07166 -0.267784 0.36 
-0.715992 0.500507 3.1093 -0.288741 0.36 
-0.740988 0.500844 -3.13625 -0.307797 0.36 
-0.765979 0.50024 -3.09861 -0.325131 0.36 
-0.79093 0.498696 -3.06097 -0.340905 0.36 
-0.815805 0.496214 -3.02333 -0.355263 0.36 
-0.840569 0.492798 -2.98568 -0.368338 0.36 
-0.865187 0.488452 -2.94804 -0.380247 0.36 
-0.889624 0.483183 -2.9104 -0.391097 0.36 
-0.913845 0.476998 -2.87276 -0.400987 0.36 
-0.937827 0.469942 -2.83961 -0.404581 0.28 
-0.961597 0.462198 -2.81512 -0.397522 0.2 
-0.985205 0.453973 -2.79897 -0.381128 0.12 
-1.00871 0.445464 -2.79095 -0.356442 0.04 
-1.03219 0.436861 -2.79095 -0.324288 -0.04 
-1.05569 0.428352 -2.79897 -0.285301 -0.12 
-1.0793 0.420128 -2.81512 -0.239946 -0.2 
-1.10307 0.412384 -2.83961 -0.188532 -0.28 
-1.07932 0.42017 -2.80976 -0.246922 -0.3 
-1.05581 0.428687 -2.77773 -0.313775 -0.32 
-1.0326 0.437978 -2.74348 -0.389736 -0.34 
-1.00974 0.448085 -2.70697 -0.475385 -0.36 
-0.987271 0.459044 -2.66818 -0.571177 -0.38 
-1.00973 0.448067 -2.7047 -0.478119 -0.32 
-1.03254 0.437841 -2.73455 -0.400229 -0.26 
-1.05562 0.428226 -2.75797 -0.336412 -0.2 
-1.07889 0.41908 -2.77514 -0.285518 -0.14 
-1.10228 0.410264 -2.78619 -0.246416 -0.08 
-1.12574 0.401635 -2.7912 -0.21805 -0.02 
-1.14922 0.393053 -2.7902 -0.199461 0.04 
-1.17267 0.384378 -2.78318 -0.189798 0.1 
-1.19603 0.375459 -2.76908 -0.189578 0.18 
-1.21921 0.366117 -2.74671 -0.199359 0.26 
-1.24214 0.35616 -2.71576 -0.218588 0.34 
-1.26471 0.345399 -2.67579 -0.246916 0.42 
-1.2868 0.333701 -2.63467 -0.273887 0.36 
-1.30844 0.32118 -2.60041 -0.290173 0.3 
-1.32968 0.307995 -2.57272 -0.297094 0.24 
-1.35059 0.294293 -2.5514 -0.295757 0.18 
-1.37124 0.280213 -2.53628 -0.287094 0.12 
-1.39173 0.265885 -2.52726 -0.271883 0.06 
-1.41213 0.251433 -2.52425 -0.250779 -4.31079e-16 
-1.39176 0.265919 -2.52225 -0.278384 -0.04 
-1.37144 0.280485 -2.51624 -0.313936 -0.08 
-1.35124 0.295214 -2.50621 -0.358156 -0.12 
-1.33122 0.310186 -2.49212 -0.411799 -0.16 
-1.31144 0.325479 -2.47392 -0.475617 -0.2 
-1.29198 0.341169 -2.45155 -0.550326 -0.24 
-1.27291 0.357331 -2.42495 -0.636544 -0.28 
-1.29197 0.341156 -2.44943 -0.552858 -0.2 
-1.31135 0.32537 -2.46558 -0.485357 -0.12 
-1.33093 0.309819 -2.4736 -0.432899 -0.04 
-1.35056 0.294347 -2.4736 -0.394355 0.04 
-1.37014 0.278796 -2.46558 -0.368676 0.12 
-1.38952 0.263011 -2.44943 -0.354942 0.2 
-1.40858 0.246835 -2.42495 -0.352394 0.28 
-1.42717 0.230118 -2.39179 -0.360448 0.36 
-1.44517 0.212773 -2.35972 -0.366293 0.26 
-1.46271 0.194955 -2.33839 -0.358799 0.16 
-1.47996 0.176855 -2.32734 -0.339663 0.06 
-1.49708 0.158641 -2.32434 -0.312587 -3.96384e-16 
-1.5142 0.140426 -2.32734 -0.280671 -0.06 
-1.53144 0.122315 -2.33637 -0.244313 -0.12 
-1.54889 0.104413 -2.35148 -0.203831 -0.18 
-1.56666 0.0868316 -2.3728 -0.159465 -0.24 
-1.58486 0.0696911 -2.40049 -0.111385 -0.3 
-1.60358 0.0531224 -2.43475 -0.0596883 -0.36 
-1.62291 0.0372706 -2.47587 -0.00439564 -0.42 
-1.64292 0.0222986 -2.5242 0.0545508 -0.48 
-1.66366 0.00833658 -2.57252 0.107921 -0.42 
-1.685 -0.00468551 -2.61364 0.147666 -0.36 
-1.70681 -0.0168951 -2.6479 0.175477 -0.3 
-1.72899 -0.0284238 -2.67559 0.192806 -0.24 
-1.75145 -0.0394062 -2.69691 0.200882 -0.18 
-1.77411 -0.0499779 -2.71203 0.200748 -0.12 
-1.79689 -0.0602756 -2.72105 0.193282 -0.06 
-1.81973 -0.0704361 -2.72406 0.179223 -3.46077e-16 
-1.84257 -0.0805967 -2.72105 0.159187 0.06 
-1.86535 -0.0908944 -2.71203 0.133684 0.12 
-1.88803 -0.101413 -2.70401 0.111843 0.04 
-1.91067 -0.112022 -2.70401 0.101685 -0.04 
-1.93335 -0.12254 -2.71203 0.102153 -0.12 
-1.95615 -0.132783 -2.72817 0.112402 -0.2 
-1.97913 -0.142626 -2.74432 0.121554 -0.12 
-2.00223 -0.15219 -2.75234 0.120052 -0.04 
-2.02537 -0.161662 -2.75234 0.108992 0.04 
-2.04847 -0.171227 -2.74432 0.08924 0.12 
-2.07145 -0.181069 -2.72817 0.0614583 0.2 
-2.09422 -0.191376 -2.70369 0.0261191 0.28 
-2.11669 -0.202334 -2.67053 -0.0164866 0.36 
-2.13876 -0.214072 -2.63627 -0.0563681 0.3 
-2.16046 -0.226487 -2.60858 -0.0846274 0.24 
-2.18185 -0.23943 -2.58726 -0.102598 0.18 
-2.203 -0.25276 -2.57214 -0.111424 0.12 
-2.22399 -0.266345 -2.56312 -0.112082 0.06 
-2.24489 -0.280055 -2.56011 -0.105396 -3.75568e-16 
-2.2658 -0.293766 -2.56312 -0.0920618 -0.06 
-2.28679 -0.307344 -2.57315 -0.0714126 -0.14 
-2.30797 -0.320624 -2.59136 -0.0427637 -0.22 
-2.32944 -0.333426 -2.61798 -0.00655272 -0.3 
-2.30799 -0.320585 -2.58594 -0.0498632 -0.32 
-2.28698 -0.30704 -2.55169 -0.100471 -0.34 
-2.26646 -0.292761 -2.51519 -0.159096 -0.36 
-2.24649 -0.27772 -2.4764 -0.226479 -0.38 
-2.22714 -0.261894 -2.43529 -0.30336 -0.4 
-2.20848 -0.245264 -2.39183 -0.390429 -0.42 
-2.19058 -0.227817 -2.34596 -0.488269 -0.44 
-2.20846 -0.245285 -2.38827 -0.394739 -0.36 
-2.22699 -0.262068 -2.42143 -0.319736 -0.28 
-2.24599 -0.27831 -2.44591 -0.261509 -0.2 
-2.26532 -0.294164 -2.46206 -0.218402 -0.12 
-2.28484 -0.309784 -2.47008 -0.188921 -0.04 
-2.30442 -0.325325 -2.47008 -0.171768 0.04 
-2.32394 -0.340944 -2.46206 -0.165849 0.12 
-2.34327 -0.356798 -2.44591 -0.170277 0.2 
-2.36228 -0.373041 -2.42143 -0.184365 0.28 
-2.38081 -0.389823 -2.38827 -0.207626 0.36 
-2.39873 -0.407244 -2.354 -0.229942 0.3 
-2.41612 -0.425212 -2.32632 -0.242306 0.24 
-2.43305 -0.4436 -2.305 -0.245893 0.18 
-2.44965 -0.462293 -2.28988 -0.241693 0.12 
-2.46599 -0.481213 -2.27579 -0.236736 0.16 
-2.48203 -0.500394 -2.25759 -0.237168 0.2 
-2.49767 -0.519897 -2.23522 -0.242575 0.24 
-2.51283 -0.539776 -2.20862 -0.252597 0.28 
-2.52741 -0.560082 -2.17768 -0.266921 0.32 
-2.54131 -0.580861 -2.1423 -0.285283 0.36 
-2.55441 -0.602148 -2.10235 -0.307464 0.4 
-2.56663 -0.623959 -2.06007 -0.330387 0.4 
-2.5779 -0.646268 -2.01779 -0.351239 0.4 
-2.58823 -0.669033 -1.97551 -0.370217 0.4 
-2.59759 -0.692215 -1.93323 -0.387497 0.4 
-2.60595 -0.715771 -1.89096 -0.403236 0.4 
-2.61332 -0.73966 -1.84868 -0.417579 0.4 
-2.61967 -0.763839 -1.8064 -0.430655 0.4 
-2.62499 -0.788264 -1.76412 -0.44258 0.4 
-2.62927 -0.812893 -1.72184 -0.453459 0.4 
-2.63251 -0.83768 -1.67956 -0.463388 0.4 
-2.63469 -0.862583 -1.63728 -0.472452 0.4 
-2.63583 -0.887555 -1.595 -0.48073 0.4 
-2.6359 -0.912553 -1.55272 -0.488291 0.4 
-2.63492 -0.937532 -1.51044 -0.495199 0.4 
-2.63289 -0.962447 -1.46816 -0.501513 0.4 
-2.6298 -0.987254 -1.42588 -0.507284 0.4 
-2.62567 -1.01191 -1.3836 -0.512561 0.4 
-2.6205 -1.03637 -1.34132 -0.517387 0.4 
-2.6143 -1.06058 -1.29904 -0.521801 0.4 
-2.60713 -1.08453 -1.26251 -0.518963 0.3 
-2.59922 -1.10825 -1.23695 -0.503395 0.2 
-2.59083 -1.1318 -1.22182 -0.476778 0.1 
-2.5822 -1.15526 -1.21682 -0.440363 -3.48246e-16 
-2.57356 -1.17872 -1.21982 -0.397483 -0.06 
-2.56506 -1.20223 -1.22884 -0.351018 -0.12 
-2.55679 -1.22582 -1.23787 -0.308639 -0.06 
-2.54867 -1.24947 -1.24087 -0.277183 -3.46077e-16 
-2.54055 -1.27311 -1.23787 -0.255721 0.06 
-2.53228 -1.2967 -1.22884 -0.243423 0.12 
-2.52373 -1.3202 -1.21373 -0.239562 0.18 
-2.51476 -1.34353 -1.19241 -0.243516 0.24 
-2.50521 -1.36663 -1.16363 -0.2561 0.32 
-2.49489 -1.3894 -1.12597 -0.278233 0.4 
-2.48367 -1.41174 -1.08486 -0.30238 0.38 
-2.47157 -1.43361 -1.04608 -0.321557 0.36 
-2.45865 -1.45501 -1.00957 -0.33627 0.34 
-2.44498 -1.47595 -0.975317 -0.346971 0.32 
-2.43062 -1.49641 -0.943283 -0.354061 0.3 
-2.41564 -1.51642 -0.913441 -0.3579 0.28 
-2.40009 -1.536 -0.885764 -0.358809 0.26 
-2.38402 -1.55515 -0.860229 -0.357077 0.24 
-2.36749 -1.5739 -0.836814 -0.352961 0.22 
-2.35055 -1.59228 -0.815499 -0.346696 0.2 
-2.33323 -1.61032 -0.796266 -0.338491 0.18 
-2.31559 -1.62803 -0.7791 -0.328534 0.16 
-2.29767 -1.64546 -0.763986 -0.316996 0.14 
-2.2795 -1.66263 -0.750912 -0.304032 0.12 
-2.26113 -1.67959 -0.739867 -0.28978 0.1 
-2.24258 -1.69635 -0.730842 -0.274366 0.08 
-2.2239 -1.71296 -0.721817 -0.260361 0.1 
-2.20504 -1.72938 -0.710772 -0.250038 0.12 
-2.18599 -1.74557 -0.697698 -0.243083 0.14 
-2.16672 -1.76149 -0.682584 -0.239209 0.16 
-2.14719 -1.77709 -0.665418 -0.238154 0.18 
-2.12738 -1.79234 -0.646185 -0.239682 0.2 
-2.10726 -1.80719 -0.62487 -0.243579 0.22 
-2.08682 -1.82158 -0.601455 -0.24965 0.24 
-2.06602 -1.83545 -0.574849 -0.259031 0.28 
-2.04484 -1.84873 -0.543911 -0.272772 0.32 
-2.02323 -1.86129 -0.508532 -0.290604 0.36 
-2.00116 -1.87303 -0.468585 -0.312302 0.4 
-1.97861 -1.88383 -0.42392 -0.337688 0.44 
-1.95558 -1.89355 -0.374367 -0.366625 0.48 
-1.93208 -1.90207 -0.319727 -0.39902 0.52 
-1.90814 -1.90926 -0.265088 -0.428404 0.48 
-1.88386 -1.9152 -0.215535 -0.449125 0.44 
-1.85933 -1.91999 -0.17087 -0.46222 0.4 
-1.83461 -1.92375 -0.132071 -0.467198 0.34 
-1.80978 -1.92663 -0.100027 -0.463733 0.28 
-1.78487 -1.9288 -0.0744848 -0.452851 0.22 
-1.75993 -1.9304 -0.0552468 -0.435405 0.16 
-1.73496 -1.93161 -0.0421691 -0.412113 0.1 
-1.70997 -1.93256 -0.0351555 -0.383577 0.04 
-1.68499 -1.93341 -0.0341552 -0.350299 -0.02 
-1.66 -1.93432 -0.0391609 -0.312694 -0.08 
-1.63503 -1.93542 -0.0502088 -0.271098 -0.14 
-1.61007 -1.93688 -0.0673798 -0.225776 -0.2 
-1.58515 -1.9388 -0.0855793 -0.183322 -0.16 
-1.56025 -1.94112 -0.0996734 -0.149619 -0.12 
-1.53539 -1.94374 -0.109708 -0.123861 -0.08 
-1.51055 -1.94656 -0.115716 -0.105308 -0.04 
-1.53539 -1.9437 -0.114716 -0.117308 0.02 
-1.56022 -1.94079 -0.119722 -0.122524 0.08 
-1.58502 -1.93768 -0.130769 -0.120228 0.14 
-1.60978 -1.93422 -0.14794 -0.109559 0.2 
-1.63447 -1.93025 -0.171362 -0.0894961 0.26 
-1.65903 -1.92564 -0.201213 -0.0588458 0.32 
-1.68344 -1.92021 -0.237729 -0.016217 0.38 
-1.70762 -1.91387 -0.273123 0.0293964 0.3 
-1.7316 -1.90679 -0.299741 0.0679045 0.22 
-1.75541 -1.89918 -0.317948 0.0990745 0.14 
-1.77911 -1.89123 -0.327987 0.122494 0.06 
-1.80276 -1.88314 -0.329988 0.137567 -0.02 
-1.82643 -1.87509 -0.323978 0.143499 -0.1 
-1.85018 -1.86728 -0.309878 0.139276 -0.18 
-1.87406 -1.85989 -0.290645 0.12774 -0.2 
-1.89809 -1.85297 -0.26933 0.112272 -0.22 
-1.92226 -1.8466 -0.245915 0.0924478 -0.24 
-1.94658 -1.84082 -0.22038 0.0677964 -0.26 
-1.97105 -1.83569 -0.192703 0.037798 -0.28 
-1.99565 -1.83126 -0.162861 0.00188044 -0.3 
-2.02038 -1.8276 -0.130827 -0.0405811 -0.32 

-2 -2 0 0 0