2 2.3 0.785398 0 0 
1.98234 2.2823 0.7884 -0.00393505 -0.06 
1.96479 2.2645 0.797427 -0.0162939 -0.12 
1.94745 2.24649 0.812545 -0.0380122 -0.18 
1.93044 2.22817 0.833866 -0.070175 -0.24 
1.91389 2.20943 0.861551 -0.114025 -0.3 
1.89793 2.1902 0.895815 -0.170963 -0.36 
1.8827 2.17037 0.936935 -0.242529 -0.42 
1.86837 2.14989 0.985258 -0.330357 -0.48 
1.85509 2.12871 1.03481 -0.427861 -0.44 
1.84281 2.10693 1.07948 -0.527372 -0.4 
1.83147 2.08466 1.11942 -0.628837 -0.36 
1.82097 2.06197 1.1548 -0.732081 -0.32 
1.84271 2.10699 1.08629 -0.535311 -0.34 
1.86758 2.15035 1.01329 -0.361642 -0.36 
1.89563 2.19172 0.935711 -0.210175 -0.38 
1.9269 2.23072 0.853496 -0.0787012 -0.4 
1.96135 2.26694 0.766567 0.0355117 -0.42 
1.99889 2.29994 0.674839 0.135231 -0.44 
2.03937 2.32926 0.578224 0.223007 -0.46 
2.08254 2.35443 0.476626 0.30107 -0.48 
2.1281 2.37498 0.369944 0.371319 -0.5 
2.17557 2.3906 0.268313 0.423332 -0.44 
2.12802 2.37521 0.35527 0.390837 -0.38 
2.08184 2.35607 0.4283 0.370828 -0.32 
2.03703 2.33391 0.488002 0.365066 -0.26 
1.99345 2.3094 0.534846 0.375812 -0.2 
1.95091 2.28313 0.569188 0.405863 -0.14 
1.90912 2.25568 0.591284 0.458541 -0.08 
1.86778 2.22756 0.601295 0.537598 -0.02 
1.82655 2.19928 0.599294 0.646901 0.04 
1.78513 2.17127 0.589286 0.784738 0.06 
1.80589 2.1852 0.592288 0.715678 9.62772e-17 
1.82665 2.19912 0.587279 0.660771 -0.1 
1.84755 2.21284 0.572153 0.621753 -0.2 
1.86873 2.22612 0.546596 0.597985 -0.3 
1.89031 2.23874 0.510059 0.589007 -0.4 
1.9124 2.25044 0.461703 0.594631 -0.5 
1.86892 2.2258 0.568386 0.569663 -0.48 
1.82823 2.19678 0.669983 0.546686 -0.46 
1.79061 2.16387 0.766598 0.52594 -0.44 
1.75625 2.12757 0.858326 0.507726 -0.42 
1.72527 2.08835 0.945256 0.492421 -0.4 
1.69771 2.04665 1.02747 0.480488 -0.38 
1.67349 2.00292 1.1005 0.478482 -0.32 
1.65223 1.95767 1.1602 0.494167 -0.26 
1.63343 1.91135 1.20915 0.527497 -0.22 
1.61673 1.86422 1.2497 0.578376 -0.18 
1.60904 1.84044 1.26584 0.612511 -0.14 
1.60168 1.81654 1.2779 0.654702 -0.1 
1.59457 1.79258 1.28592 0.705406 -0.06 
1.5876 1.76857 1.28992 0.765031 -0.02 
1.59451 1.79259 1.29292 0.697184 0.08 
1.60123 1.81667 1.30601 0.622342 0.18 
1.60751 1.84087 1.32944 0.540778 0.28 
1.61309 1.86524 1.36373 0.452524 0.38 
1.6177 1.88981 1.40964 0.357334 0.48 
1.6211 1.91457 1.45675 0.268715 0.4 
1.62346 1.93946 1.49441 0.199049 0.32 
1.62499 1.96441 1.52318 0.146255 0.24 
1.62591 1.98939 1.54346 0.108457 0.16 
1.62643 2.01439 1.55553 0.0840215 0.08 
1.62674 2.03939 1.55953 0.0715609 9.04225e-17 
1.62706 2.06438 1.55553 0.0699266 -0.08 
1.62757 2.08938 1.54346 0.0781917 -0.16 
1.62701 2.03938 1.57574 0.0496124 -0.16 
1.62807 1.9894 1.60801 0.0149669 -0.16 
1.63073 1.93947 1.64029 -0.0270282 -0.16 
1.63501 1.88966 1.67257 -0.0779098 -0.16 
1.64089 1.84 1.70484 -0.139497 -0.16 
1.64837 1.79057 1.73712 -0.213903 -0.16 
1.64444 1.81526 1.71995 -0.173694 -0.18 
1.64096 1.84001 1.70072 -0.134591 -0.2 
1.63798 1.86484 1.6794 -0.096499 -0.22 
1.64093 1.84001 1.69659 -0.129181 -0.12 
1.64417 1.81522 1.7036 -0.151609 -0.02 
1.64746 1.79044 1.7006 -0.16296 0.08 
1.65056 1.76563 1.68751 -0.162059 0.18 
1.65324 1.74078 1.66828 -0.152817 0.2 
1.65541 1.71587 1.64697 -0.139877 0.22 
1.65702 1.69092 1.62355 -0.122841 0.24 
1.65803 1.66594 1.59802 -0.101264 0.26 
1.65836 1.64095 1.57034 -0.0746533 0.28 
1.65799 1.61595 1.5405 -0.0424649 0.3 
1.65683 1.59098 1.50846 -0.00409973 0.32 
1.65485 1.56606 1.47421 0.0410948 0.34 
1.65199 1.54122 1.43771 0.0938214 0.36 
1.6482 1.51652 1.39892 0.154823 0.38 
1.65493 1.56605 1.46971 0.0464567 0.3 
1.65854 1.61591 1.52508 -0.0253606 0.24 
1.65712 1.59095 1.50376 0.000551135 0.18 
1.65524 1.56602 1.48864 0.0208132 0.12 
1.65307 1.54112 1.47961 0.0350034 0.06 
1.65074 1.51623 1.47661 0.0425979 -3.20056e-16 
1.64841 1.49134 1.47961 0.0429616 -0.06 
1.64624 1.46643 1.48864 0.0353367 -0.12 
1.64436 1.4415 1.50376 0.0188287 -0.18 
1.64294 1.41654 1.52508 -0.00760868 -0.24 
1.64213 1.39156 1.55276 -0.0451873 -0.3 
1.64203 1.36656 1.57938 -0.0852793 -0.22 
1.64249 1.34156 1.59759 -0.118186 -0.14 
1.6433 1.31658 1.60762 -0.143513 -0.06 
1.64426 1.29159 1.60963 -0.160683 0.02 
1.64517 1.26661 1.60362 -0.168925 0.1 
1.64618 1.21662 1.57542 -0.165593 0.18 
1.6461 1.19162 1.56132 -0.163414 0.1 
1.64577 1.16663 1.55531 -0.17176 0.02 
1.64539 1.14163 1.55731 -0.191568 -0.06 
1.64516 1.11663 1.56735 -0.223981 -0.14 
1.64529 1.09163 1.58555 -0.270348 -0.22 
1.64553 1.14163 1.54914 -0.181867 -0.14 
1.64718 1.1916 1.52906 -0.127328 -0.06 
1.64943 1.24155 1.52506 -0.100775 0.02 
1.65149 1.29151 1.53708 -0.0973341 0.1 
1.65254 1.34149 1.56528 -0.113163 0.18 
1.65142 1.29151 1.533 -0.0918115 0.14 
1.64889 1.24157 1.50888 -0.0773478 0.1 
1.64537 1.1917 1.49284 -0.0711247 0.06 
1.64124 1.14187 1.48484 -0.0748162 0.02 
1.63691 1.09206 1.48484 -0.0904819 -0.02 
1.63279 1.04223 1.49284 -0.120638 -0.06 
1.62926 0.992352 1.50888 -0.168327 -0.1 
1.62673 0.942417 1.533 -0.237158 -0.14 
1.62562 0.892432 1.56528 -0.331258 -0.18 
1.62566 0.867432 1.57836 -0.381241 -0.08 
1.62591 0.842433 1.58137 -0.422671 0.02 
1.62611 0.817434 1.57435 -0.454865 0.12 
1.626 0.792434 1.55717 -0.476822 0.22 
1.62546 0.842426 1.60825 -0.454176 0.28 
1.62205 0.892301 1.67234 -0.450031 0.34 
1.61511 0.941805 1.74994 -0.461932 0.4 
1.60402 0.99054 1.8417 -0.487922 0.46 
1.58815 1.03793 1.94842 -0.526522 0.52 
1.6041 0.990565 1.84672 -0.494524 0.42 
1.61575 0.941954 1.76907 -0.488829 0.32 
1.62414 0.892671 1.71367 -0.512164 0.22 
1.63033 0.843057 1.67931 -0.568258 0.12 
1.63531 0.793306 1.66527 -0.661483 0.02 
1.63763 0.768415 1.66227 -0.719067 0.04 
1.63986 0.743514 1.65727 -0.778514 0.06 
1.63534 0.793309 1.66327 -0.659185 -5.21284e-16 
1.63082 0.843105 1.65727 -0.543168 -0.06 
1.62691 0.89295 1.63921 -0.430905 -0.12 
1.62419 0.942875 1.60898 -0.322444 -0.18 
1.6233 0.992863 1.56634 -0.217518 -0.24 
1.62485 1.04283 1.51097 -0.115621 -0.3 
1.62949 1.09261 1.44244 -0.0160714 -0.36 
1.63786 1.14189 1.3602 0.0819405 -0.42 
1.6506 1.19022 1.26355 0.179329 -0.48 
1.64364 1.16621 1.3131 0.131464 -0.44 
1.63782 1.1419 1.35777 0.0852305 -0.4 
1.63304 1.11736 1.39772 0.040582 -0.36 
1.62918 1.09266 1.43309 -0.00250162 -0.32 
1.62612 1.06785 1.46187 -0.0411757 -0.24 
1.62367 1.04297 1.48215 -0.0724289 -0.16 
1.62163 1.01805 1.49421 -0.0958762 -0.08 
1.61978 0.993122 1.49822 -0.110948 -5.90023e-16 
1.61793 0.968191 1.49421 -0.116879 0.08 
1.61589 0.943275 1.48215 -0.112686 0.16 
1.61344 0.918395 1.46187 -0.0971382 0.24 
1.61038 0.893584 1.43309 -0.0687212 0.32 
1.6065 0.868888 1.39543 -0.0255884 0.4 
1.60167 0.844361 1.35889 0.0206263 0.3 
1.59608 0.819995 1.33334 0.0568632 0.2 
1.58999 0.795747 1.31821 0.0828474 0.1 
1.58366 0.771561 1.3132 0.09797 -4.59268e-16 
1.57106 0.723177 1.32121 0.107868 -0.08 
1.55923 0.674598 1.34534 0.0973344 -0.16 
1.54897 0.625665 1.3859 0.0615968 -0.24 
1.54113 0.576291 1.44345 -0.00547719 -0.32 
1.53657 0.52651 1.51878 -0.111592 -0.4 
1.53625 0.47653 1.61299 -0.265921 -0.48 

1.5 0.5 1.5708 0 0