-2 -2 0.523599 0 0 
-1.97834 -1.98751 0.521598 0.00245968 -0.04 
-1.95663 -1.97512 0.51559 0.0095435 -0.08 
-1.93482 -1.96289 0.505555 0.0208508 -0.12 
-1.91287 -1.95093 0.491461 0.0360333 -0.16 
-1.89073 -1.93933 0.473262 0.05479 -0.2 
-1.86835 -1.92817 0.450897 0.0768641 -0.24 
-1.84571 -1.91757 0.424291 0.102039 -0.28 
-1.82278 -1.90763 0.393353 0.130136 -0.32 
-1.77605 -1.88987 0.335809 0.173436 -0.24 
-1.7285 -1.87442 0.295244 0.189639 -0.16 
-1.68047 -1.86051 0.271115 0.184113 -0.08 
-1.63223 -1.84738 0.263107 0.160977 -3.49113e-17 
-1.60809 -1.84086 0.266108 0.142591 0.06 
-1.584 -1.83418 0.275135 0.11859 0.12 
-1.55999 -1.82722 0.290254 0.0894026 0.18 
-1.53611 -1.81983 0.311575 0.0553653 0.24 
-1.51242 -1.81185 0.339259 0.016731 0.3 
-1.48898 -1.80314 0.373523 -0.0263306 0.36 
-1.46587 -1.79361 0.406682 -0.0639488 0.28 
-1.44304 -1.78343 0.431167 -0.0876232 0.2 
-1.42042 -1.77278 0.447314 -0.0990449 0.12 
-1.39793 -1.76186 0.455336 -0.0995988 0.04 
-1.37549 -1.75085 0.455336 -0.0904038 -0.04 
-1.353 -1.73993 0.447314 -0.0723462 -0.12 
-1.37546 -1.75091 0.463461 -0.101044 -0.2 
-1.39769 -1.76235 0.487946 -0.14369 -0.28 
-1.41958 -1.77442 0.521105 -0.202047 -0.36 
-1.441 -1.7873 0.563411 -0.278127 -0.44 
-1.46185 -1.8011 0.604557 -0.360003 -0.34 
-1.48219 -1.81564 0.634425 -0.434537 -0.24 
-1.50216 -1.83066 0.653674 -0.50185 -0.14 
-1.52193 -1.84597 0.662706 -0.561788 -0.04 
-1.54163 -1.86136 0.661705 -0.613943 0.06 
-1.56143 -1.87663 0.650651 -0.657652 0.16 
-1.58147 -1.89158 0.629318 -0.691975 0.26 
-1.6019 -1.90598 0.597256 -0.715633 0.36 
-1.5616 -1.8764 0.668014 -0.677554 0.32 
-1.52336 -1.8442 0.72989 -0.635222 0.28 
-1.48702 -1.80986 0.783102 -0.589576 0.24 
-1.45241 -1.77378 0.827832 -0.541403 0.2 
-1.41929 -1.73633 0.864231 -0.491357 0.16 
-1.38742 -1.6978 0.894459 -0.442356 0.14 
-1.35665 -1.65839 0.920607 -0.396655 0.12 
-1.32684 -1.61826 0.942697 -0.353841 0.1 
-1.29784 -1.57753 0.960747 -0.313534 0.08 
-1.2695 -1.53634 0.97477 -0.275391 0.06 
-1.24165 -1.49481 0.984779 -0.239107 0.04 
-1.21414 -1.45306 0.990781 -0.204412 0.02 
-1.18679 -1.4112 0.992781 -0.17107 -2.68828e-16 
-1.15945 -1.36934 0.990781 -0.138872 -0.02 
-1.13199 -1.32755 0.988781 -0.112402 -2.68936e-16 
-1.10453 -1.28577 0.990781 -0.0951503 0.02 
-1.07724 -1.24387 0.996783 -0.0855235 0.04 
-1.05029 -1.20176 1.00679 -0.0822004 0.06 
-1.02384 -1.15933 1.02081 -0.0840908 0.08 
-0.99808 -1.11647 1.03886 -0.090297 0.1 
-0.973184 -1.07311 1.06095 -0.100081 0.12 
-0.94931 -1.02918 1.08507 -0.110419 0.12 
-0.926503 -0.98469 1.10919 -0.118952 0.12 
-0.94922 -1.02923 1.09113 -0.118618 0.06 
-0.972472 -1.07349 1.08513 -0.135043 -2.78423e-16 
-0.995723 -1.11776 1.09113 -0.171666 -0.06 
-1.01844 -1.1623 1.10919 -0.232669 -0.12 
-1.04008 -1.20737 1.13942 -0.322962 -0.18 
-1.06006 -1.25321 1.18206 -0.447935 -0.24 
-1.07777 -1.29996 1.23743 -0.612734 -0.3 
-1.06926 -1.27645 1.21188 -0.529561 -0.2 
-1.06029 -1.25312 1.19675 -0.465121 -0.1 
-1.05107 -1.22987 1.19174 -0.417932 -4.56666e-16 
-1.04186 -1.20663 1.19675 -0.386652 0.1 
-1.03288 -1.1833 1.21188 -0.37015 0.2 
-1.02438 -1.15979 1.23743 -0.367561 0.3 
-1.01661 -1.13603 1.27397 -0.378327 0.4 
-1.00402 -1.08766 1.35853 -0.409966 0.4 
-0.995568 -1.03839 1.44309 -0.436249 0.4 
-0.991303 -0.988591 1.52765 -0.458116 0.4 
-0.99126 -0.938606 1.61221 -0.476334 0.4 
-0.995438 -0.888795 1.69676 -0.49153 0.4 
-1.00381 -0.839516 1.78132 -0.504219 0.4 
-1.01631 -0.79112 1.86588 -0.514823 0.4 
-1.03286 -0.743952 1.95044 -0.523694 0.4 
-1.04261 -0.720935 1.99272 -0.527571 0.4 
-1.05333 -0.698351 2.035 -0.531118 0.4 
-1.06499 -0.676239 2.07728 -0.534365 0.4 
-1.09103 -0.633573 2.15949 -0.537332 0.38 
-1.12039 -0.593119 2.23707 -0.534584 0.36 
-1.15272 -0.554987 2.31008 -0.527121 0.34 
-1.18768 -0.519261 2.38082 -0.518382 0.34 
-1.22509 -0.486096 2.45157 -0.511057 0.34 
-1.18758 -0.519152 2.38967 -0.529964 0.26 
-1.15189 -0.55416 2.34492 -0.575507 0.18 
-1.11749 -0.590446 2.31672 -0.65133 0.1 
-1.08383 -0.627417 2.3047 -0.761119 0.02 
-1.11734 -0.590311 2.3047 -0.637502 -0.02 
-1.15071 -0.553072 2.29669 -0.522469 -0.06 
-1.18362 -0.515434 2.28066 -0.415786 -0.1 
-1.21577 -0.477144 2.25654 -0.316856 -0.14 
-1.24683 -0.437963 2.22426 -0.224863 -0.18 
-1.27653 -0.39774 2.18992 -0.146287 -0.16 
-1.30491 -0.356579 2.1597 -0.0859624 -0.14 
-1.33212 -0.314634 2.13355 -0.0408272 -0.12 
-1.35832 -0.272044 2.11146 -0.00825559 -0.1 
-1.38365 -0.228937 2.09341 0.0139547 -0.08 
-1.3584 -0.272095 2.10542 -8.24019e-05 -0.04 
-1.33281 -0.31505 2.10943 -0.0058787 -6.28078e-16 
-1.30722 -0.358005 2.10542 -0.00170521 0.04 
-1.28197 -0.401163 2.09341 0.0145694 0.08 
-1.25742 -0.44472 2.07334 0.045561 0.12 
-1.23393 -0.488855 2.04515 0.0944552 0.16 
-1.21197 -0.53377 2.00249 0.173528 0.26 
-1.19224 -0.579705 1.95141 0.281085 0.24 
-1.17477 -0.62655 1.90458 0.404106 0.22 
-1.15942 -0.674131 1.86195 0.544448 0.2 
-1.14601 -0.722295 1.82349 0.703309 0.18 
-1.15932 -0.674102 1.85577 0.551634 0.14 
-1.17399 -0.626303 1.87989 0.431504 0.1 
-1.18961 -0.578807 1.89593 0.339568 0.06 
-1.2058 -0.531502 1.90393 0.271974 0.02 
-1.22218 -0.484262 1.90393 0.224979 -0.02 
-1.23838 -0.436956 1.89593 0.195234 -0.06 
-1.254 -0.38946 1.87989 0.179864 -0.1 
-1.26866 -0.341661 1.85577 0.176465 -0.14 
-1.28198 -0.293468 1.82349 0.183058 -0.18 
-1.29353 -0.244824 1.78294 0.198025 -0.22 
-1.29852 -0.220327 1.76058 0.206941 -0.22 
-1.30296 -0.195726 1.73822 0.215046 -0.22 
-1.30685 -0.171031 1.71586 0.222415 -0.22 
-1.31019 -0.146255 1.69349 0.229116 -0.22 
-1.31297 -0.121411 1.67113 0.235209 -0.22 
-1.31519 -0.0965105 1.64877 0.24075 -0.22 
-1.31684 -0.0715657 1.62429 0.248373 -0.26 
-1.31783 -0.046586 1.59554 0.26046 -0.3 
-1.31804 -0.0215881 1.56239 0.276723 -0.34 
-1.31737 0.00340146 1.52475 0.296918 -0.38 
-1.3157 0.0283438 1.48246 0.320848 -0.42 
-1.30908 0.0778858 1.39314 0.367751 -0.42 
-1.29806 0.126639 1.30383 0.40661 -0.42 
-1.28273 0.174215 1.21452 0.438868 -0.42 
-1.26322 0.220235 1.1252 0.465696 -0.42 
-1.23969 0.264331 1.03589 0.488044 -0.42 
-1.22651 0.285573 0.997063 0.490782 -0.32 
-1.21263 0.306367 0.969363 0.480121 -0.22 
-1.19829 0.326845 0.952182 0.457885 -0.12 
-1.22685 0.285804 0.972252 0.523332 -0.08 
-1.25475 0.244309 0.984268 0.611577 -0.04 
-1.28228 0.202574 0.99027 0.722971 -0.02 
-1.2548 0.244346 0.98827 0.606957 -5.98534e-16 
-1.22732 0.286118 0.99027 0.503343 0.02 
-1.20001 0.328 0.996272 0.411172 0.04 
-1.17304 0.370098 1.00628 0.329233 0.06 
-1.14657 0.412518 1.0203 0.256238 0.08 
-1.12078 0.455357 1.03835 0.190928 0.1 
-1.09587 0.498703 1.06044 0.132138 0.12 
-1.072 0.542638 1.08659 0.0788233 0.14 
-1.04938 0.587228 1.11682 0.0300712 0.16 
-1.02821 0.632524 1.15115 -0.0149069 0.18 
-1.00871 0.678559 1.18962 -0.0567844 0.2 
-0.991088 0.725347 1.23225 -0.0961324 0.22 
-0.975575 0.772875 1.27908 -0.133433 0.24 
-0.962407 0.821104 1.33015 -0.169095 0.26 
-0.968662 0.796899 1.30673 -0.154906 0.2 
-0.975407 0.772827 1.28956 -0.147596 0.14 
-0.98249 0.748851 1.27851 -0.147689 0.08 
-0.989766 0.724933 1.2735 -0.155821 0.02 
-0.997089 0.70103 1.2745 -0.172739 -0.04 
-1.00432 0.677098 1.28152 -0.199311 -0.1 
-1.0113 0.653094 1.29459 -0.236526 -0.16 
-1.0179 0.628981 1.31383 -0.285481 -0.22 
-1.02952 0.580355 1.35856 -0.406377 -0.22 
-1.03896 0.531257 1.40328 -0.549864 -0.22 
-1.04287 0.506566 1.42355 -0.628073 -0.18 
-1.04633 0.481806 1.43969 -0.707139 -0.14 
-1.04292 0.506573 1.42965 -0.635296 -0.06 
-1.03936 0.531318 1.42765 -0.578134 0.02 
-1.03585 0.556071 1.43366 -0.534831 0.1 
-1.03259 0.580857 1.44776 -0.504568 0.18 
-1.02979 0.605698 1.47014 -0.486605 0.26 
-1.02764 0.630605 1.50109 -0.480323 0.34 
-1.02638 0.655572 1.54106 -0.485262 0.42 
-1.02716 0.705548 1.63278 -0.50718 0.44 
-1.03265 0.755227 1.7294 -0.531005 0.46 
-1.04301 0.804118 1.831 -0.556541 0.48 
-1.05006 0.828101 1.88179 -0.567637 0.46 
-1.05829 0.851706 1.9301 -0.57487 0.44 
-1.06762 0.874898 1.97597 -0.578627 0.42 
-1.08942 0.919873 2.07014 -0.588172 0.46 
-1.10191 0.941525 2.11722 -0.592233 0.42 
-1.11536 0.962599 2.15951 -0.590331 0.38 
-1.12964 0.983118 2.19715 -0.583146 0.34 
-1.14463 1.00312 2.2303 -0.571266 0.3 
-1.16024 1.02265 2.25906 -0.555206 0.26 
-1.17636 1.04176 2.28353 -0.535416 0.22 
-1.19291 1.0605 2.30381 -0.512295 0.18 
-1.22706 1.09702 2.34227 -0.469433 0.2 
-1.26266 1.13212 2.3849 -0.438232 0.22 
-1.29979 1.16559 2.43173 -0.41693 0.24 
-1.33852 1.19721 2.4828 -0.403988 0.26 
-1.37887 1.22672 2.53816 -0.398089 0.28 
-1.42085 1.25387 2.59784 -0.398117 0.3 
-1.46443 1.27836 2.66191 -0.403139 0.32 
-1.50954 1.29992 2.73042 -0.412377 0.34 
-1.55605 1.31823 2.80343 -0.425192 0.36 
-1.60381 1.33299 2.881 -0.441054 0.38 
-1.55604 1.31827 2.80571 -0.428216 0.34 
-1.50943 1.3002 2.73942 -0.425106 0.3 
-1.46402 1.27928 2.6819 -0.433352 0.26 
-1.41979 1.25598 2.63295 -0.454913 0.22 
-1.46397 1.27938 2.67558 -0.42594 0.2 
-1.50907 1.30096 2.71405 -0.396986 0.18 
-1.55492 1.3209 2.74838 -0.368111 0.16 
-1.60139 1.33934 2.77861 -0.33936 0.14 
-1.64837 1.35646 2.80476 -0.310766 0.12 
-1.69574 1.37245 2.82685 -0.28235 0.1 
-1.74343 1.38748 2.8449 -0.254121 0.08 
-1.79134 1.40178 2.85691 -0.223703 0.04 
-1.83937 1.41569 2.86091 -0.189274 -6.90312e-16 
-1.88739 1.42961 2.85691 -0.151552 -0.04 
-1.9353 1.44391 2.8449 -0.111107 -0.08 
-1.98298 1.45897 2.82483 -0.0683878 -0.12 

-2.1 1.5 2.74889 0 0