2 2.3 0.785398 0 0 
1.9823 2.28234 0.782396 0.00393505 0.06 
1.9645 2.26479 0.773369 0.0162939 0.12 
1.94649 2.24745 0.758251 0.0380122 0.18 
1.9282 2.23041 0.743133 0.0620478 0.12 
1.90971 2.21358 0.734106 0.0803885 0.06 
1.89112 2.19687 0.731104 0.0925511 -1.47451e-17 
1.87252 2.18016 0.734106 0.0979462 -0.06 
1.85403 2.16334 0.743133 0.0958663 -0.12 
1.83574 2.1463 0.758251 0.085471 -0.18 
1.81776 2.12892 0.779572 0.0657693 -0.24 
1.80022 2.11111 0.807257 0.0356011 -0.3 
1.76668 2.07404 0.860491 -0.0317324 -0.22 
1.73482 2.0355 0.896905 -0.0897627 -0.14 
1.70407 1.99608 0.916983 -0.137166 -0.06 
1.67379 1.95629 0.920986 -0.172065 0.02 
1.70399 1.99614 0.922986 -0.144307 -3.98444e-17 
1.73419 2.03599 0.920986 -0.116746 -0.02 
1.76455 2.07572 0.914984 -0.0893572 -0.04 
1.79522 2.11521 0.904975 -0.0621135 -0.06 
1.76455 2.07572 0.914984 -0.0893572 -0.04 
1.73419 2.03599 0.920986 -0.116746 -0.02 
1.70399 1.99614 0.922986 -0.144307 -4.34223e-17 
1.67379 1.95629 0.920986 -0.172065 0.02 
1.64343 1.91656 0.914984 -0.200044 0.04 
1.61276 1.87708 0.904975 -0.228267 0.06 
1.58161 1.83797 0.890952 -0.256755 0.08 
1.54984 1.79936 0.872902 -0.285523 0.1 
1.5173 1.76139 0.850813 -0.314587 0.12 
1.48386 1.72423 0.824664 -0.343955 0.14 
1.46675 1.706 0.80955 -0.358093 0.16 
1.44936 1.68804 0.792384 -0.370896 0.18 
1.43164 1.67041 0.773151 -0.382217 0.2 
1.41356 1.65314 0.751836 -0.391896 0.22 
1.39511 1.63627 0.728421 -0.399753 0.24 
1.35695 1.60397 0.675209 -0.409186 0.28 
1.317 1.57392 0.613333 -0.408658 0.32 
1.27515 1.54657 0.542575 -0.395867 0.36 
1.23137 1.52246 0.46268 -0.367939 0.4 
1.1857 1.50213 0.373351 -0.32126 0.44 
1.13833 1.48619 0.274245 -0.251264 0.48 
1.08957 1.47526 0.164966 -0.152208 0.52 
1.03988 1.46989 0.0504532 -0.0243507 0.52 
0.989913 1.47023 -0.0640591 0.130657 0.52 
0.940307 1.47628 -0.178572 0.317333 0.52 
0.891662 1.48775 -0.280271 0.522249 0.42 
0.844229 1.50352 -0.357918 0.72929 0.32 
0.891572 1.48746 -0.298216 0.543135 0.26 
0.939706 1.47395 -0.251373 0.398472 0.2 
0.988351 1.46239 -0.217031 0.290997 0.14 
1.0373 1.45222 -0.194935 0.215434 0.08 
1.08641 1.44283 -0.184924 0.16665 0.02 
1.13556 1.43363 -0.186924 0.140123 -0.04 
1.18463 1.42405 -0.200951 0.132068 -0.1 
1.2335 1.41348 -0.227107 0.139402 -0.16 
1.282 1.40134 -0.265583 0.159661 -0.22 
1.30606 1.39453 -0.284821 0.168246 -0.16 
1.33 1.38734 -0.297899 0.168614 -0.1 
1.35387 1.3799 -0.304912 0.16163 -0.04 
1.37771 1.37237 -0.305912 0.148019 0.02 
1.42544 1.35747 -0.297907 0.112813 0.06 
1.47334 1.34315 -0.281871 0.0744532 0.1 
1.52152 1.32979 -0.257752 0.0334423 0.14 
1.57006 1.31779 -0.225471 -0.00983141 0.18 
1.619 1.30757 -0.184924 -0.0550788 0.22 
1.64362 1.30324 -0.163609 -0.0757954 0.2 
1.66832 1.29941 -0.144376 -0.0920922 0.18 
1.69309 1.29603 -0.12721 -0.104396 0.16 
1.71792 1.29305 -0.112096 -0.113092 0.14 
1.74278 1.29042 -0.0990216 -0.118528 0.12 
1.79259 1.28611 -0.0728732 -0.128065 0.14 
1.8425 1.28321 -0.0426451 -0.140642 0.16 
1.89248 1.28192 -0.00831259 -0.155758 0.18 
1.94248 1.28245 0.0301527 -0.173002 0.2 
1.99241 1.285 0.0727827 -0.192039 0.22 
2.04218 1.28979 0.119613 -0.2126 0.24 
2.09165 1.297 0.170683 -0.234467 0.26 
2.14071 1.30663 0.213349 -0.242433 0.16 
2.18943 1.31784 0.235457 -0.225403 0.06 
2.23802 1.32963 0.237458 -0.188162 -0.04 
2.28664 1.34129 0.235458 -0.153304 0.02 
2.33522 1.35315 0.245469 -0.138328 0.08 
2.38359 1.36579 0.267565 -0.13989 0.14 
2.43159 1.37978 0.301907 -0.155299 0.2 
2.47898 1.39571 0.34875 -0.182427 0.26 
2.52545 1.41414 0.408453 -0.219629 0.32 
2.5706 1.43561 0.481483 -0.265671 0.38 
2.61388 1.46061 0.56844 -0.319681 0.44 
2.57056 1.43568 0.476712 -0.259262 0.42 
2.5252 1.41467 0.39214 -0.195901 0.38 
2.47831 1.39736 0.316848 -0.132011 0.34 
2.43031 1.3834 0.250561 -0.0671004 0.3 
2.38153 1.37244 0.193042 -0.000648445 0.26 
2.33224 1.36409 0.144091 0.0678968 0.22 
2.28262 1.35795 0.103544 0.13912 0.18 
2.23281 1.35362 0.0712634 0.213636 0.14 
2.1829 1.35069 0.0471442 0.292076 0.1 
2.13293 1.34877 0.0311079 0.375071 0.06 
2.10794 1.3481 0.021069 0.42493 0.14 
2.08295 1.34778 0.002862 0.489875 0.22 
2.03296 1.34883 -0.0460883 0.653339 0.26 
2.05795 1.34803 -0.0173287 0.563299 0.3 
2.08295 1.348 0.0158152 0.474736 0.34 
2.10793 1.34885 0.0534612 0.387714 0.38 
2.13286 1.35071 0.0957472 0.302219 0.42 
2.15768 1.35367 0.142833 0.218165 0.46 
2.18232 1.35786 0.194903 0.135401 0.5 
2.15769 1.35364 0.146548 0.213319 0.4 
2.13289 1.35047 0.11001 0.283071 0.3 
2.10801 1.34806 0.0844533 0.344928 0.2 
2.08308 1.34616 0.0693269 0.398847 0.1 
2.05813 1.34451 0.0643185 0.444503 4.56666e-16 
2.03319 1.34287 0.0693269 0.481293 -0.1 
2.00826 1.34097 0.0844533 0.508319 -0.2 
1.98338 1.33856 0.11001 0.524335 -0.3 
1.93389 1.3315 0.174078 0.543299 -0.32 
1.88497 1.32118 0.242586 0.559899 -0.34 
1.83691 1.30743 0.315594 0.573602 -0.36 
1.79002 1.2901 0.39317 0.583776 -0.38 
1.74467 1.26909 0.475384 0.589665 -0.4 
1.70126 1.24432 0.562314 0.590365 -0.42 
1.66022 1.21578 0.654041 0.584787 -0.44 
1.62206 1.1835 0.750656 0.571608 -0.46 
1.58724 1.14764 0.849746 0.552476 -0.46 
1.55615 1.10852 0.948836 0.529623 -0.46 
1.52908 1.0665 1.04793 0.502277 -0.46 
1.50629 1.02202 1.14702 0.469491 -0.46 
1.48802 0.975498 1.24611 0.430097 -0.46 
1.47444 0.927398 1.34519 0.382651 -0.46 
1.46569 0.878191 1.44428 0.325369 -0.46 
1.46185 0.82836 1.54337 0.256048 -0.46 
1.46295 0.778392 1.64246 0.171991 -0.46 
1.46532 0.753507 1.68715 0.129801 -0.38 
1.46868 0.728735 1.72254 0.0956909 -0.3 
1.4728 0.704078 1.74916 0.0698127 -0.22 
1.47748 0.67952 1.76737 0.0525202 -0.14 
1.4825 0.65503 1.77741 0.0443618 -0.06 
1.48767 0.63057 1.77941 0.0460865 0.02 
1.49279 0.6061 1.7734 0.058655 0.1 
1.49767 0.58158 1.7593 0.0832565 0.18 

1.5 0.5 1.5708 0 0