2 2 1.5708 0 0 
1.99999 1.975 1.5698 0.00131099 0.02 
1.99993 1.95 1.5668 0.00542004 0.04 
1.99977 1.925 1.56179 0.0126127 0.06 
1.99947 1.9 1.55478 0.0232051 0.08 
1.99896 1.87501 1.54575 0.0375472 0.1 
1.9982 1.85002 1.53471 0.0560247 0.12 
1.99714 1.82504 1.52164 0.079062 0.14 
1.99572 1.80008 1.50652 0.107123 0.16 
1.99391 1.77515 1.48936 0.140714 0.18 
1.99169 1.75025 1.47627 0.172346 0.08 
1.98927 1.72536 1.47327 0.193731 -0.02 
1.9869 1.70048 1.48028 0.203948 -0.12 
1.98484 1.67556 1.49746 0.201711 -0.22 
1.98333 1.65061 1.52517 0.185302 -0.32 
1.98484 1.67556 1.49746 0.201711 -0.22 
1.9869 1.70048 1.48028 0.203948 -0.12 
1.98927 1.72536 1.47327 0.193731 -0.02 
1.99169 1.75025 1.47627 0.172346 0.08 
1.99391 1.77515 1.48936 0.140714 0.18 
1.99567 1.80009 1.51279 0.0994231 0.28 
1.99672 1.82506 1.54707 0.0487433 0.38 
1.99679 1.85006 1.58936 -0.00693813 0.42 
1.99575 1.87504 1.63645 -0.0633205 0.46 
1.99347 1.89993 1.68852 -0.120529 0.5 
1.98985 1.92466 1.74445 -0.177088 0.52 
1.98484 1.94915 1.80039 -0.228353 0.5 
1.97849 1.97333 1.85373 -0.271756 0.48 
1.9709 1.99715 1.90453 -0.308119 0.46 
1.96214 2.02056 1.95284 -0.338179 0.44 
1.95229 2.04353 1.9987 -0.362594 0.42 
1.94142 2.06604 2.04217 -0.381948 0.4 
1.92961 2.08808 2.08328 -0.396762 0.38 
1.91692 2.10962 2.12206 -0.407498 0.36 
1.90344 2.13067 2.15857 -0.414566 0.34 
1.88922 2.15123 2.19282 -0.418334 0.32 
1.87433 2.17131 2.22376 -0.417805 0.28 
1.85889 2.19097 2.24825 -0.409598 0.2 
1.84305 2.21031 2.26439 -0.392159 0.12 
1.82698 2.22946 2.27241 -0.366521 0.04 
1.81083 2.24855 2.27241 -0.333496 -0.04 
1.79476 2.26769 2.26439 -0.293709 -0.12 
1.77892 2.28704 2.24825 -0.247618 -0.2 
1.76347 2.30669 2.22376 -0.195526 -0.28 
1.7486 2.32679 2.1906 -0.137579 -0.36 
1.7345 2.34743 2.1483 -0.0737604 -0.44 
1.72138 2.36871 2.0962 -0.00387063 -0.52 
1.74881 2.32693 2.20548 -0.157702 -0.48 
1.78043 2.28823 2.30458 -0.328659 -0.44 
1.81556 2.25267 2.39391 -0.518558 -0.4 
1.85356 2.2202 2.47381 -0.727712 -0.36 
1.8342 2.23601 2.44175 -0.62876 -0.26 
1.81526 2.25233 2.42041 -0.549376 -0.16 
1.79659 2.26896 2.40936 -0.488197 -0.06 
1.77802 2.2857 2.40836 -0.443872 0.04 
1.75939 2.30236 2.41739 -0.415188 0.14 
1.74052 2.31876 2.43664 -0.401136 0.24 
1.72125 2.33469 2.46651 -0.400974 0.34 
1.70144 2.34993 2.50765 -0.414274 0.44 
1.68097 2.36429 2.54996 -0.427587 0.36 
1.65999 2.37787 2.58312 -0.428854 0.28 
1.63862 2.39084 2.6076 -0.419691 0.2 
1.61699 2.40338 2.62375 -0.401384 0.12 
1.59517 2.41559 2.6399 -0.384805 0.2 
1.57312 2.42736 2.66438 -0.379628 0.28 
1.55073 2.43849 2.69754 -0.385267 0.36 
1.52794 2.44877 2.73985 -0.401322 0.44 
1.5047 2.45796 2.79194 -0.427614 0.52 
1.48098 2.46585 2.8492 -0.457597 0.52 
1.45685 2.47236 2.90646 -0.484915 0.52 
1.43238 2.47749 2.96371 -0.509825 0.52 
1.40766 2.4812 3.02097 -0.532558 0.52 
1.38277 2.4835 3.07822 -0.553321 0.52 
1.35779 2.48437 3.13548 -0.572298 0.52 
1.3328 2.48386 -3.09686 -0.582037 0.42 
1.30786 2.48213 -3.04601 -0.591169 0.52 
1.28305 2.47906 -2.99137 -0.603824 0.48 
1.25844 2.4747 -2.94181 -0.609472 0.44 
1.23406 2.46918 -2.89715 -0.608936 0.4 
1.20993 2.46264 -2.8572 -0.602924 0.36 
1.18607 2.45519 -2.82182 -0.592053 0.32 
1.16246 2.44696 -2.79088 -0.576856 0.28 
1.1391 2.43805 -2.76428 -0.557806 0.24 
1.11597 2.42857 -2.74191 -0.535315 0.2 
1.09303 2.41863 -2.72371 -0.509752 0.16 
1.07028 2.40828 -2.70551 -0.486374 0.2 
1.04773 2.39748 -2.68315 -0.469893 0.24 
1.02546 2.38612 -2.65654 -0.459843 0.28 
1.00352 2.37414 -2.6256 -0.455797 0.32 
0.981995 2.36143 -2.59023 -0.457373 0.36 
0.960961 2.34792 -2.55028 -0.464236 0.4 
0.940518 2.33353 -2.50561 -0.476096 0.44 
0.920776 2.3182 -2.45606 -0.492714 0.48 
0.901824 2.3019 -2.40774 -0.506322 0.42 
0.883618 2.28477 -2.36662 -0.51025 0.36 
0.86607 2.26696 -2.33235 -0.505744 0.3 
0.849082 2.24862 -2.30467 -0.493838 0.24 
0.832547 2.22987 -2.28335 -0.475398 0.18 
0.816356 2.21082 -2.26823 -0.451147 0.12 
0.800396 2.19158 -2.2592 -0.421696 0.06 
0.784552 2.17224 -2.2562 -0.387555 -3.20056e-16 
0.768708 2.1529 -2.2592 -0.349146 -0.06 
0.752748 2.13366 -2.26823 -0.306816 -0.12 
0.736609 2.11457 -2.27525 -0.270731 -0.02 
0.720431 2.09551 -2.27224 -0.249883 0.08 
0.704362 2.07636 -2.26624 -0.234378 0.04 
0.68837 2.05714 -2.26423 -0.215434 -5.93167e-16 
0.672377 2.03793 -2.26624 -0.193365 -0.04 
0.656308 2.01877 -2.27224 -0.168445 -0.08 
0.640086 1.99975 -2.28228 -0.140908 -0.12 
0.623635 1.98093 -2.29637 -0.110954 -0.16 
0.606877 1.96238 -2.31561 -0.0774768 -0.22 
0.589708 1.9442 -2.34115 -0.0394175 -0.28 
0.572036 1.92652 -2.37099 0.000328025 -0.3 
0.553826 1.9094 -2.40303 0.0390822 -0.32 
0.535059 1.89288 -2.43728 0.0769599 -0.34 
0.515719 1.87704 -2.47379 0.114071 -0.36 
0.495797 1.86194 -2.51257 0.150522 -0.38 
0.515695 1.87707 -2.4691 0.107931 -0.44 
0.534858 1.89312 -2.41828 0.0512441 -0.5 
0.515702 1.87706 -2.46786 0.106412 -0.42 
0.495846 1.86188 -2.50782 0.14488 -0.34 
0.475465 1.8474 -2.53878 0.16893 -0.26 
0.454704 1.83347 -2.56115 0.180433 -0.18 
0.433694 1.81992 -2.57525 0.180907 -0.1 
0.412548 1.80659 -2.58126 0.171578 -0.02 
0.391375 1.79329 -2.57926 0.153422 0.06 
0.370283 1.77987 -2.56922 0.127198 0.14 
0.349383 1.76616 -2.55101 0.093474 0.22 
0.328795 1.75198 -2.5244 0.0526362 0.3 
0.308623 1.73721 -2.49564 0.0130552 0.26 
0.288836 1.72193 -2.4743 -0.0138554 0.16 
0.269297 1.70633 -2.46325 -0.0258631 0.06 
0.249853 1.69062 -2.46225 -0.0246064 -0.04 
0.230346 1.67499 -2.47128 -0.0113236 -0.14 
0.21062 1.65963 -2.49053 0.0131081 -0.24 
0.190524 1.64476 -2.5204 0.0481529 -0.34 
0.169915 1.63061 -2.56154 0.0936209 -0.44 
0.148684 1.61741 -2.60985 0.143457 -0.46 
0.126826 1.60529 -2.66065 0.191691 -0.48 
0.104366 1.59431 -2.71399 0.238527 -0.5 
0.0813412 1.58458 -2.76993 0.284162 -0.52 
0.0578045 1.57616 -2.82587 0.325548 -0.5 
0.0338516 1.56901 -2.87545 0.355477 -0.42 
0.00960219 1.56294 -2.91541 0.371225 -0.34 
-0.0148477 1.55773 -2.94636 0.374809 -0.26 
-0.0394282 1.55317 -2.96874 0.367832 -0.18 
-0.064088 1.54906 -2.98284 0.351572 -0.1 
-0.0887879 1.5452 -2.98885 0.327045 -0.02 
-0.113496 1.54139 -2.98685 0.295048 0.06 
-0.13818 1.53743 -2.97681 0.25619 0.14 
-0.162805 1.53312 -2.9586 0.210913 0.22 
-0.187328 1.52826 -2.93198 0.159499 0.3 
-0.211701 1.5227 -2.90322 0.110221 0.26 
-0.235917 1.51649 -2.87875 0.070577 0.22 
-0.259988 1.50974 -2.85847 0.0396241 0.18 
-0.283933 1.50256 -2.84233 0.0165018 0.14 
-0.307775 1.49504 -2.83027 0.000434999 0.1 
-0.331539 1.48727 -2.82226 -0.00926879 0.06 
-0.355257 1.47937 -2.81825 -0.0132239 0.02 
-0.378946 1.47138 -2.81325 -0.0181273 0.08 
-0.402569 1.4632 -2.8022 -0.029893 0.14 
-0.426075 1.45469 -2.78503 -0.0479889 0.2 
-0.449403 1.4457 -2.76161 -0.0719863 0.26 
-0.472483 1.43609 -2.73176 -0.101554 0.32 
-0.495231 1.42573 -2.69524 -0.136457 0.38 
-0.517547 1.41446 -2.65176 -0.176552 0.44 
-0.539307 1.40216 -2.60095 -0.221794 0.5 
-0.560379 1.38871 -2.54632 -0.267376 0.5 
-0.580686 1.37414 -2.49169 -0.30876 0.5 
-0.600167 1.35847 -2.43706 -0.346353 0.5 
-0.618763 1.34177 -2.38243 -0.380524 0.5 
-0.636419 1.32407 -2.3278 -0.411606 0.5 
-0.653083 1.30544 -2.27317 -0.4399 0.5 
-0.668738 1.28595 -2.22359 -0.45959 0.42 
-0.683506 1.26578 -2.18362 -0.466158 0.34 
-0.697552 1.2451 -2.15267 -0.461468 0.26 
-0.711042 1.22406 -2.1303 -0.446997 0.18 
-0.724147 1.20277 -2.1162 -0.423918 0.1 
-0.737037 1.18135 -2.11019 -0.39316 0.02 
-0.749885 1.1599 -2.11219 -0.355451 -0.06 
-0.762861 1.13853 -2.12223 -0.311345 -0.14 
-0.776137 1.11735 -2.14043 -0.261239 -0.22 
-0.789884 1.09647 -2.16705 -0.205376 -0.3 
-0.80427 1.07602 -2.20244 -0.14385 -0.38 
-0.819462 1.05617 -2.24713 -0.0765872 -0.46 
-0.835549 1.03704 -2.29064 -0.017049 -0.36 
-0.852346 1.01852 -2.3227 0.0232056 -0.26 
-0.869631 1.00046 -2.34403 0.0467893 -0.16 
-0.887206 0.982682 -2.35509 0.0557767 -0.06 
-0.904887 0.965008 -2.35609 0.0517796 0.04 
-0.922498 0.947264 -2.34705 0.0360087 0.14 
-0.939856 0.929273 -2.32781 0.00931548 0.24 
-0.95682 0.91091 -2.30648 -0.0172784 0.18 
-0.973448 0.892241 -2.29137 -0.0339286 0.12 
-0.989848 0.873373 -2.28234 -0.0416826 0.06 
-1.00614 0.854406 -2.27934 -0.0414361 -6.80879e-16 
-1.02242 0.83544 -2.28234 -0.033948 -0.06 
-1.03882 0.816571 -2.29137 -0.0198545 -0.12 
-1.05545 0.797903 -2.30648 0.000319733 -0.18 
-1.07241 0.77954 -2.32781 0.0261515 -0.24 
-1.08982 0.761598 -2.35549 0.0573132 -0.3 
-1.10777 0.744191 -2.38752 0.0908286 -0.32 
-1.07253 0.779655 -2.31677 0.0112922 -0.36 
-1.04007 0.817667 -2.23687 -0.0978804 -0.4 
-1.01094 0.858283 -2.14754 -0.242859 -0.44 
-0.98576 0.901456 -2.04844 -0.429834 -0.48 
-0.965206 0.947008 -1.93916 -0.663299 -0.52 
-0.974821 0.923934 -1.99001 -0.546697 -0.42 
-0.98546 0.901313 -2.02883 -0.452798 -0.32 
-0.996843 0.879056 -2.05653 -0.37956 -0.22 
-1.00872 0.857059 -2.07371 -0.325001 -0.12 
-1.02087 0.835207 -2.08073 -0.287328 -0.02 
-1.03306 0.813379 -2.07773 -0.265006 0.08 
-1.04507 0.791455 -2.06464 -0.256798 0.18 
-1.05668 0.769315 -2.04121 -0.26178 0.28 
-1.06765 0.746851 -2.00692 -0.279356 0.38 
-1.07779 0.724001 -1.97153 -0.296483 0.3 
-1.08722 0.700848 -1.94491 -0.301537 0.22 
-1.09612 0.677489 -1.9267 -0.296047 0.14 
-1.1047 0.654007 -1.91666 -0.281238 0.06 
-1.11314 0.630473 -1.91466 -0.258081 -0.02 
-1.12157 0.60694 -1.91466 -0.234686 0.02 
-1.12996 0.583389 -1.91066 -0.218203 0.06 
-1.13821 0.559789 -1.90264 -0.208042 0.1 
-1.14622 0.536107 -1.89058 -0.203669 0.14 
-1.1539 0.512315 -1.87444 -0.204612 0.18 
-1.16114 0.488387 -1.85417 -0.210452 0.22 
-1.16784 0.464303 -1.82969 -0.220824 0.26 
-1.17396 0.440064 -1.80836 -0.22633 0.16 
-1.17969 0.41573 -1.79731 -0.21896 0.06 
-1.18521 0.391348 -1.78929 -0.20873 0.1 
-1.19049 0.366912 -1.77723 -0.204295 0.14 
-1.19543 0.342404 -1.76109 -0.205181 0.18 
-1.19992 0.317811 -1.74081 -0.210969 0.22 
-1.20385 0.293123 -1.71634 -0.221295 0.26 
-1.20717 0.268344 -1.69186 -0.230601 0.22 
-1.20993 0.243498 -1.67159 -0.234006 0.18 
-1.21223 0.218604 -1.65545 -0.232127 0.14 
-1.21419 0.193681 -1.64339 -0.225503 0.1 
-1.21589 0.168739 -1.63537 -0.214607 0.06 
-1.21745 0.143788 -1.63137 -0.199852 0.02 
-1.21895 0.118833 -1.63137 -0.181598 -0.02 
-1.22051 0.0938816 -1.63537 -0.160158 -0.06 
-1.22221 0.0689399 -1.64339 -0.135806 -0.1 
-1.22417 0.0440166 -1.65545 -0.108774 -0.14 
-1.22647 0.0191235 -1.67159 -0.0792622 -0.18 
-1.22918 -0.00572923 -1.68569 -0.0550251 -0.1 
-1.23214 -0.0305537 -1.6917 -0.0427887 -0.02 
-1.23515 -0.0553722 -1.6897 -0.0413661 0.06 
-1.238 -0.0802082 -1.67966 -0.0497992 0.14 
-1.24051 -0.105082 -1.66145 -0.0673415 0.22 
-1.24246 -0.130005 -1.63484 -0.0934468 0.3 
-1.24364 -0.154976 -1.59944 -0.127764 0.38 
-1.24381 -0.179973 -1.55475 -0.170142 0.46 
-1.24361 -0.154977 -1.60306 -0.123024 0.44 
-1.24386 -0.179973 -1.55958 -0.164221 0.38 
-1.2431 -0.204961 -1.52307 -0.193227 0.32 
-1.24153 -0.22991 -1.49322 -0.211544 0.26 
-1.23928 -0.254808 -1.4698 -0.220447 0.2 
-1.23654 -0.279657 -1.45262 -0.221015 0.14 
-1.23345 -0.304465 -1.44259 -0.21292 0.06 
-1.23021 -0.329255 -1.44058 -0.195865 -0.02 
-1.22702 -0.35405 -1.4466 -0.170678 -0.1 
-1.22408 -0.378877 -1.46069 -0.137989 -0.18 
-1.2216 -0.403752 -1.48307 -0.0982476 -0.26 
-1.2197 -0.42868 -1.50544 -0.0622728 -0.18 
-1.22405 -0.378874 -1.45857 -0.140489 -0.28 
-1.23125 -0.329406 -1.39001 -0.265028 -0.38 
-1.24239 -0.28068 -1.29819 -0.445913 -0.48 
-1.25833 -0.233313 -1.19407 -0.675335 -0.48 
-1.24971 -0.256778 -1.24239 -0.560838 -0.42 
-1.24215 -0.280606 -1.28351 -0.463099 -0.36 
-1.2355 -0.304702 -1.31777 -0.38115 -0.3 
-1.22959 -0.328992 -1.34546 -0.313827 -0.24 
-1.22427 -0.353421 -1.36678 -0.259897 -0.18 
-1.21941 -0.377942 -1.3819 -0.218152 -0.12 
-1.21483 -0.402521 -1.39092 -0.187461 -0.06 
-1.21041 -0.427126 -1.39393 -0.166797 -8.45678e-16 
-1.20604 -0.451741 -1.39693 -0.147884 -0.06 
-1.20181 -0.476381 -1.40596 -0.123404 -0.12 
-1.19788 -0.50107 -1.42107 -0.0937792 -0.18 
-1.1944 -0.525826 -1.44239 -0.0593435 -0.24 
-1.1944 -0.525826 -1.44239 -0.0593435 -0.3 
-1.1944 -0.525826 -1.44239 -0.0593435 -0.36 
-1.1944 -0.525826 -1.44239 -0.0593435 -0.42 
-1.1944 -0.525826 -1.44239 -0.0593435 -0.48 
-1.19824 -0.501125 -1.3916 -0.132952 -0.46 
-1.20329 -0.476643 -1.34329 -0.210466 -0.44 
-1.20949 -0.452427 -1.29742 -0.29216 -0.42 
-1.21677 -0.428511 -1.25396 -0.378263 -0.4 
-1.22505 -0.404923 -1.21285 -0.468935 -0.38 
-1.23426 -0.381685 -1.17406 -0.564246 -0.36 
-1.24435 -0.35881 -1.13756 -0.664145 -0.34 
-1.25523 -0.336306 -1.10331 -0.768436 -0.32 
-1.24433 -0.358803 -1.13534 -0.666762 -0.3 
-1.23413 -0.381625 -1.16518 -0.574546 -0.28 
-1.22459 -0.404732 -1.19286 -0.491664 -0.26 
-1.21566 -0.428085 -1.21839 -0.417794 -0.24 
-1.20731 -0.451649 -1.24181 -0.352482 -0.22 
-1.19949 -0.475394 -1.26312 -0.295193 -0.2 
-1.19216 -0.499292 -1.28236 -0.245356 -0.18 
-1.18525 -0.52332 -1.29952 -0.20239 -0.16 
-1.17874 -0.547457 -1.31464 -0.165726 -0.14 
-1.17257 -0.571683 -1.32771 -0.13482 -0.12 
-1.16669 -0.595982 -1.33876 -0.109163 -0.1 
-1.16109 -0.620346 -1.35183 -0.0833001 -0.16 
-1.15588 -0.644797 -1.37107 -0.0523393 -0.22 
-1.15122 -0.669358 -1.39661 -0.0165747 -0.28 
-1.14722 -0.694035 -1.42216 0.0157918 -0.22 
-1.14375 -0.718793 -1.43934 0.0350334 -0.12 
-1.14058 -0.743591 -1.44635 0.0402157 -0.02 
-1.13746 -0.768395 -1.44335 0.0327986 0.08 
-1.13414 -0.793174 -1.43027 0.0138601 0.18 
-1.13037 -0.817888 -1.40683 -0.0158717 0.28 
-1.12589 -0.842482 -1.37255 -0.0560078 0.38 
-1.12046 -0.866883 -1.33026 -0.102063 0.42 
-1.11395 -0.891017 -1.28318 -0.149667 0.46 
-1.10624 -0.914797 -1.23111 -0.198883 0.5 
-1.09727 -0.93813 -1.17648 -0.246582 0.5 
-1.08704 -0.960937 -1.12185 -0.289878 0.5 
-1.07558 -0.983152 -1.06721 -0.329198 0.5 
-1.06293 -1.00471 -1.01258 -0.364928 0.5 
-1.04911 -1.02554 -0.957954 -0.397417 0.5 
-1.03418 -1.04559 -0.903324 -0.426981 0.5 
-1.01818 -1.06479 -0.848694 -0.453903 0.5 
-1.00115 -1.08309 -0.794064 -0.478437 0.5 
-0.983148 -1.10043 -0.739433 -0.500812 0.5 
-0.964226 -1.11677 -0.684803 -0.521232 0.5 
-0.944446 -1.13205 -0.631462 -0.53834 0.48 
-0.923898 -1.14629 -0.580663 -0.550985 0.46 
-0.90267 -1.15949 -0.532356 -0.559624 0.44 
-0.880844 -1.17167 -0.486492 -0.564661 0.42 
-0.858495 -1.18287 -0.443027 -0.566456 0.4 
-0.835693 -1.19312 -0.40192 -0.56533 0.38 
-0.812496 -1.20244 -0.361979 -0.562948 0.38 
-0.788945 -1.21082 -0.322037 -0.560764 0.38 
-0.765079 -1.21826 -0.282096 -0.558762 0.38 
-0.740934 -1.22474 -0.242155 -0.556928 0.38 
-0.71655 -1.23024 -0.202214 -0.555247 0.38 
-0.691964 -1.23477 -0.161107 -0.555099 0.4 
-0.667209 -1.23824 -0.117642 -0.557736 0.42 
-0.642324 -1.24061 -0.0717777 -0.562974 0.44 
-0.617356 -1.24184 -0.0271133 -0.566299 0.4 
-0.592359 -1.24201 0.0128341 -0.563804 0.36 
-0.567372 -1.24122 0.0493383 -0.557487 0.34 
-0.542429 -1.23956 0.0835921 -0.549046 0.32 
-0.517554 -1.23707 0.115626 -0.538692 0.3 
-0.492769 -1.23381 0.145468 -0.526615 0.28 
-0.468087 -1.22984 0.173145 -0.512988 0.26 
-0.443519 -1.22522 0.19868 -0.497969 0.24 
-0.419072 -1.21999 0.222095 -0.4817 0.22 
-0.394747 -1.21422 0.24341 -0.464311 0.2 
-0.370545 -1.20796 0.262643 -0.445922 0.18 
-0.346453 -1.20128 0.276743 -0.422934 0.1 
-0.32243 -1.19436 0.282753 -0.39226 0.02 
-0.29842 -1.18739 0.280752 -0.354627 -0.06 
-0.274369 -1.18057 0.270713 -0.310592 -0.14 
-0.250225 -1.17409 0.252506 -0.260551 -0.22 
-0.225941 -1.16815 0.225889 -0.20475 -0.3 
-0.201486 -1.16296 0.190494 -0.143279 -0.38 
-0.176844 -1.15876 0.145808 -0.0760674 -0.46 
-0.152034 -1.1557 0.101122 -0.0151268 -0.38 
-0.127121 -1.15364 0.0657273 0.0290038 -0.3 
-0.102155 -1.15234 0.0391099 0.0584666 -0.22 
-0.0771661 -1.15161 0.0209029 0.0750534 -0.14 
-0.0521688 -1.15126 0.00782876 0.0839716 -0.12 
-0.027169 -1.1512 -0.00321619 0.0896189 -0.1 
-0.00216989 -1.1514 -0.0122409 0.0923064 -0.08 
0.0228269 -1.1518 -0.0192526 0.092314 -0.06 
0.0478209 -1.15235 -0.0242569 0.0898938 -0.04 
0.0728125 -1.15299 -0.0272579 0.0852722 -0.02 
0.0978027 -1.15369 -0.028258 0.0786532 -1.10507e-15 
0.122793 -1.15439 -0.0272579 0.0702201 0.02 
0.147783 -1.15509 -0.0302613 0.0675171 -0.08 
0.172767 -1.15599 -0.0433461 0.0772571 -0.18 
0.19773 -1.15734 -0.0667811 0.0986227 -0.28 
0.222642 -1.15941 -0.101065 0.131143 -0.38 
0.247451 -1.16248 -0.146974 0.174708 -0.48 
0.272083 -1.16674 -0.194083 0.215489 -0.4 
0.296513 -1.17204 -0.231746 0.241155 -0.32 
0.320754 -1.17815 -0.260518 0.253789 -0.24 
0.344841 -1.18485 -0.279767 0.253808 -0.14 
0.320761 -1.17813 -0.263626 0.257833 -0.18 
0.296563 -1.17185 -0.243353 0.256791 -0.22 
0.27223 -1.16612 -0.218877 0.250094 -0.26 
0.247753 -1.16103 -0.190118 0.237063 -0.3 
0.223132 -1.1567 -0.156974 0.216923 -0.34 
0.198378 -1.15321 -0.12383 0.194665 -0.3 
0.173527 -1.15049 -0.0950706 0.175984 -0.26 
0.148613 -1.14843 -0.0705955 0.161111 -0.22 
0.123658 -1.14693 -0.0503216 0.150324 -0.18 
0.0986804 -1.14588 -0.0341815 0.143945 -0.14 
0.0736903 -1.14519 -0.0221219 0.142349 -0.1 
0.0486943 -1.14474 -0.0141037 0.145965 -0.06 
0.023696 -1.14445 -0.0101011 0.155277 -0.02 
-0.00130277 -1.14421 -0.0101011 0.170834 0.02 
-0.026301 -1.14391 -0.0141037 0.193247 0.06 
-0.076294 -1.14307 -0.0161055 0.237104 -0.04 
-0.126291 -1.14264 0.00195846 0.262162 -0.14 
-0.176279 -1.14361 0.0404557 0.264079 -0.24 
-0.226154 -1.14703 0.100192 0.236948 -0.34 
-0.250977 -1.14999 0.137839 0.210833 -0.38 
-0.275672 -1.15387 0.172123 0.186378 -0.28 
-0.300247 -1.15846 0.195558 0.173865 -0.18 
-0.349106 -1.16907 0.231952 0.159784 -0.18 
-0.397547 -1.18145 0.268346 0.142733 -0.18 
-0.445506 -1.19558 0.30474 0.122078 -0.18 
-0.492918 -1.21144 0.341133 0.0970488 -0.18 
-0.539723 -1.22903 0.377527 0.0667113 -0.18 
-0.585856 -1.2483 0.413921 0.0299332 -0.18 
-0.631272 -1.26921 0.448254 -0.0118588 -0.16 
-0.67599 -1.29157 0.478482 -0.0567614 -0.14 
-0.720061 -1.31518 0.50463 -0.105438 -0.12 
-0.76355 -1.33985 0.52672 -0.158662 -0.1 
-0.806535 -1.36539 0.54477 -0.217328 -0.08 
-0.849141 -1.39156 0.554781 -0.277067 -0.02 
-0.891642 -1.4179 0.55278 -0.332318 0.04 
-0.934352 -1.44389 0.538753 -0.382083 0.1 
-0.977574 -1.46903 0.512598 -0.425086 0.16 
-0.999471 -1.48109 0.49336 -0.441569 0.22 
-1.02163 -1.49266 0.467817 -0.451396 0.28 
-0.999492 -1.48105 0.498755 -0.448078 0.32 
-0.977749 -1.46871 0.534134 -0.450323 0.36 
-0.956486 -1.45557 0.574082 -0.4578 0.4 
-0.935799 -1.44153 0.618746 -0.470221 0.44 
-0.915795 -1.42654 0.668299 -0.487352 0.48 
-0.896599 -1.41053 0.722939 -0.509003 0.52 
-0.878306 -1.3935 0.775036 -0.525633 0.44 
-0.860835 -1.37562 0.817341 -0.529295 0.36 
-0.84405 -1.35709 0.8505 -0.521858 0.28 
-0.827805 -1.33809 0.874986 -0.504801 0.2 
-0.811949 -1.31876 0.891132 -0.479295 0.12 
-0.79632 -1.29925 0.89815 -0.445058 0.02 
-0.780731 -1.2797 0.895146 -0.401747 -0.08 
-0.764985 -1.26029 0.882061 -0.350027 -0.18 
-0.780684 -1.27974 0.902335 -0.410995 -0.22 
-0.795944 -1.29954 0.92681 -0.482879 -0.26 
-0.810671 -1.31974 0.95557 -0.566404 -0.3 
-0.824767 -1.34039 0.988714 -0.662155 -0.34 
-0.838123 -1.36152 1.02636 -0.77047 -0.38 
-0.82479 -1.34038 0.992075 -0.666118 -0.28 
-0.810854 -1.31962 0.96864 -0.581543 -0.18 
-0.796542 -1.29912 0.955556 -0.515453 -0.08 
-0.782066 -1.27874 0.952552 -0.466526 0.02 
-0.76763 -1.25833 0.95957 -0.433536 0.12 
-0.753442 -1.23775 0.97675 -0.41544 0.22 
-0.739719 -1.21685 1.00445 -0.411444 0.32 
-0.726698 -1.19551 1.04327 -0.421052 0.42 
-0.753795 -1.23751 0.951546 -0.381948 0.44 
-0.78472 -1.27678 0.854931 -0.328037 0.46 
-0.819377 -1.31279 0.753334 -0.255913 0.48 
-0.857588 -1.345 0.646652 -0.161358 0.5 
-0.899081 -1.37285 0.534775 -0.0392672 0.52 
-0.920943 -1.38497 0.477519 0.0330459 0.52 
-0.943464 -1.39581 0.420263 0.112607 0.52 
-0.966559 -1.40538 0.365623 0.196571 0.48 
-0.990122 -1.41372 0.31607 0.281848 0.44 
-1.01405 -1.42095 0.271405 0.36861 0.4 
-1.03827 -1.42716 0.231458 0.456959 0.36 
-1.0627 -1.43246 0.196079 0.546926 0.32 
-1.08729 -1.43694 0.165141 0.638458 0.28 
-1.11201 -1.44071 0.138535 0.731415 0.24 
-1.08729 -1.43697 0.1609 0.643473 0.2 
-1.06266 -1.43267 0.186457 0.55786 0.3 
-1.03818 -1.42761 0.222994 0.465623 0.4 
-1.01393 -1.42152 0.271349 0.36646 0.5 
-0.990045 -1.41417 0.32598 0.267944 0.5 
-0.966592 -1.40552 0.38061 0.17779 0.5 
-0.943646 -1.3956 0.43524 0.0955558 0.5 
-0.921276 -1.38445 0.48987 0.0207165 0.5 
-0.899548 -1.37209 0.544501 -0.047288 0.5 
-0.943607 -1.39568 0.440361 0.0886242 0.46 
-0.989789 -1.4148 0.346189 0.238872 0.42 
-1.0375 -1.42972 0.261617 0.405606 0.38 
-1.08624 -1.44078 0.186325 0.590171 0.34 
-1.06177 -1.43568 0.226291 0.491466 0.42 
-1.03755 -1.42949 0.275869 0.38883 0.5 
-1.01368 -1.42208 0.324224 0.296115 0.4 
-0.99014 -1.41366 0.360762 0.225449 0.3 
-0.966873 -1.40452 0.386319 0.174208 0.2 
-0.943796 -1.3949 0.401445 0.140138 0.1 
-0.989963 -1.4141 0.389424 0.186832 0.02 
-1.03621 -1.43311 0.393427 0.220928 -0.06 
-1.08222 -1.45268 0.413505 0.239759 -0.14 
-1.12766 -1.47354 0.449919 0.239823 -0.22 
-1.17211 -1.49641 0.503153 0.21654 -0.3 
-1.21507 -1.52198 0.573943 0.163918 -0.38 
-1.25583 -1.5509 0.663315 0.074162 -0.46 
-1.27512 -1.5668 0.716674 0.0106556 -0.52 
-1.29353 -1.58372 0.767524 -0.0561418 -0.42 
-1.31116 -1.60144 0.806348 -0.113602 -0.32 
-1.32819 -1.61973 0.834048 -0.161968 -0.22 
-1.34482 -1.63841 0.851229 -0.201132 -0.12 
-1.36121 -1.65728 0.858246 -0.230672 -0.02 
-1.37757 -1.67619 0.855243 -0.249848 0.08 
-1.39408 -1.69496 0.842158 -0.257583 0.18 
-1.41092 -1.71343 0.818723 -0.252405 0.28 
-1.44606 -1.749 0.765511 -0.231228 0.24 
-1.4829 -1.7828 0.720781 -0.217408 0.2 
-1.52108 -1.81508 0.684382 -0.212285 0.16 
-1.56028 -1.84611 0.656194 -0.217513 0.12 
-1.60022 -1.87619 0.636124 -0.235115 0.08 
-1.64064 -1.90563 0.624108 -0.267535 0.04 
-1.68129 -1.93474 0.620107 -0.317667 -7.04189e-16 
-1.72194 -1.96385 0.624108 -0.388847 -0.04 
-1.76236 -1.99328 0.636124 -0.484724 -0.08 
-1.8023 -2.02336 0.656194 -0.608922 -0.12 
-1.84144 -2.05447 0.690555 -0.772141 -0.22 
-1.82196 -2.0388 0.662854 -0.675161 -0.32 
-1.80197 -2.02378 0.624031 -0.571689 -0.42 
-1.78134 -2.00967 0.573181 -0.461415 -0.52 
-1.75997 -1.99671 0.518541 -0.355228 -0.48 
-1.73795 -1.98487 0.468988 -0.263801 -0.44 
-1.7154 -1.97408 0.424323 -0.186078 -0.4 
-1.69241 -1.96425 0.384376 -0.1209 -0.36 
-1.66907 -1.9553 0.348997 -0.0671006 -0.32 
-1.64545 -1.94712 0.318059 -0.023563 -0.28 
-1.69252 -1.96398 0.36703 -0.0974357 -0.2 
-1.73886 -1.98274 0.399323 -0.163496 -0.12 
-1.78475 -2.00261 0.415366 -0.220637 -0.04 
-1.83047 -2.02285 0.415366 -0.267265 0.04 
-1.87635 -2.04272 0.399323 -0.301223 0.12 
-1.92269 -2.06147 0.36703 -0.319664 0.2 
-1.96976 -2.07833 0.318059 -0.318867 0.28 
-2.01772 -2.09245 0.251742 -0.293955 0.36 
-2.06659 -2.10292 0.16713 -0.238499 0.44 
-2.11623 -2.10874 0.062937 -0.144024 0.52 

-2 -2 0 0 0