0.5 0.25 -3.14159 0 0 
0.52 0.249978 3.13833 0.0042569 0.0788209 
0.539999 0.249831 3.12936 0.0163836 0.141831 
0.559996 0.249458 3.11584 0.0354888 0.190555 
0.579984 0.248778 3.09883 0.0607369 0.226396 
0.599956 0.247732 3.0793 0.0913215 0.250651 
0.619904 0.246296 3.06092 0.12286 0.201484 
0.639826 0.244535 3.0465 0.151673 0.155771 
0.659725 0.242523 3.03569 0.177991 0.113359 
0.679604 0.240329 3.02819 0.202016 0.0740818 
0.69947 0.238016 3.02373 0.223921 0.0377703 
0.719329 0.235644 3.02207 0.243859 0.00425657 
0.739187 0.233264 3.02298 0.261969 -0.0266232 
0.75905 0.230926 3.02626 0.278374 -0.0550266 
0.778922 0.228675 3.03173 0.293186 -0.0811043 
0.798807 0.226527 3.03528 0.311584 -0.0104122 
0.818693 0.224398 3.03385 0.33787 0.0433743 
0.838572 0.222201 3.02873 0.370935 0.0819953 
0.858436 0.219876 3.02106 0.409753 0.107068 
0.87828 0.217382 3.01186 0.453353 0.120097 
0.898099 0.214697 3.00204 0.50082 0.122485 
0.917897 0.211859 2.99833 0.543846 -0.0263471 
0.937695 0.209029 3.00114 0.58142 -0.0445691 
0.957504 0.20627 3.00556 0.619478 -0.0663497 
0.977327 0.203616 3.01185 0.657673 -0.0910988 
0.997169 0.201108 3.02024 0.69569 -0.118273 
1.01703 0.198789 3.03092 0.733243 -0.147373 
1.03693 0.196707 3.04404 0.770071 -0.177942 
1.01703 0.198775 3.03303 0.73077 -0.0982301 
1.03693 0.196752 3.05065 0.76201 -0.326866 
1.05687 0.195267 3.08702 0.772089 -0.517742 
1.07686 0.194692 -3.14144 0.760202 -0.673807 
1.05688 0.195302 3.08173 0.778265 -0.614941 
1.07686 0.194643 3.13427 0.769322 -0.548669 
1.09686 0.194964 -3.10308 0.768048 -0.493531 
1.11682 0.196148 -3.0624 0.773062 -0.448764 
1.13672 0.19814 -3.01996 0.776313 -0.523807 
1.15651 0.201048 -2.97028 0.770855 -0.585014 
1.17611 0.204997 -2.91432 0.757283 -0.633366 
1.19546 0.210056 -2.85819 0.742486 -0.591092 
1.2145 0.216147 -2.80665 0.732378 -0.554248 
1.23323 0.223175 -2.75891 0.726288 -0.522636 
1.2516 0.231059 -2.71427 0.723646 -0.495981 
1.26962 0.239732 -2.67215 0.723956 -0.473963 
1.28727 0.249138 -2.63204 0.726782 -0.456234 
1.30454 0.25923 -2.59349 0.731739 -0.442436 
1.32141 0.269969 -2.55611 0.738482 -0.43221 
1.33787 0.281324 -2.51957 0.746703 -0.425202 
1.35391 0.293268 -2.48357 0.756121 -0.421072 
1.3695 0.305792 -2.44545 0.763577 -0.466759 
1.38458 0.318933 -2.40313 0.766331 -0.50507 
1.39906 0.332727 -2.35718 0.764782 -0.536527 
1.41287 0.347194 -2.30817 0.75936 -0.561631 
1.42593 0.362335 -2.2567 0.750521 -0.580875 
1.43818 0.378141 -2.20334 0.73874 -0.594745 
1.44956 0.394586 -2.14865 0.724499 -0.603728 
1.46001 0.411633 -2.09317 0.708274 -0.608308 
1.4695 0.429235 -2.03738 0.690519 -0.608967 
1.478 0.447338 -1.98172 0.671659 -0.606178 
1.48547 0.465887 -1.92561 0.650878 -0.616145 
1.49188 0.484829 -1.86866 0.62752 -0.620288 
1.4972 0.504105 -1.81152 0.602203 -0.619253 
1.50141 0.523655 -1.75381 0.574264 -0.629418 
1.50447 0.543416 -1.6953 0.543191 -0.63237 
1.50637 0.563323 -1.63683 0.509776 -0.628923 
1.50715 0.583305 -1.5839 0.480808 -0.541182 
1.50696 0.603303 -1.53994 0.461162 -0.464996 
1.50596 0.623277 -1.50309 0.449173 -0.399798 
1.50429 0.643206 -1.47191 0.443597 -0.344863 
1.50603 0.623282 -1.49285 0.436753 -0.171618 
1.50749 0.603336 -1.50076 0.414751 -0.0297782 
1.5089 0.583385 -1.49834 0.381838 0.0863507 
1.51044 0.563445 -1.48743 0.340939 0.181429 
1.51228 0.54353 -1.46939 0.294238 0.259273 
1.51453 0.523658 -1.44532 0.243464 0.323006 
1.51732 0.503853 -1.41611 0.190025 0.375186 
1.52072 0.484146 -1.38254 0.135081 0.417907 
1.52483 0.464573 -1.34526 0.079589 0.452885 
1.52969 0.445174 -1.30486 0.0243276 0.481522 
1.52477 0.464558 -1.33651 0.0681882 0.274671 
1.52029 0.484051 -1.35147 0.0934835 0.0991717 
1.51598 0.503581 -1.35336 0.103526 -0.0476359 
1.51159 0.523094 -1.34451 0.100206 -0.168378 
1.507 0.542558 -1.33412 0.0944629 -0.0920958 
1.50225 0.561987 -1.32934 0.0956666 -0.0292648 
1.49746 0.581405 -1.3291 0.102955 0.0213769 
1.4927 0.60083 -1.33247 0.11558 0.0610072 
1.48804 0.620278 -1.33861 0.132869 0.0907186 
1.48351 0.63976 -1.34679 0.154201 0.111523 
1.48807 0.620286 -1.33401 0.127182 0.202038 
1.49294 0.600888 -1.3144 0.0938027 0.276146 
1.49825 0.581606 -1.28898 0.0557933 0.33682 
1.50409 0.56248 -1.25863 0.0145602 0.386496 
1.51055 0.543555 -1.2241 -0.028742 0.427167 
1.5177 0.524877 -1.186 -0.0731659 0.460466 
1.52558 0.506497 -1.1449 -0.117941 0.487729 
1.53424 0.488468 -1.10127 -0.162449 0.51005 
1.54369 0.470844 -1.05552 -0.206206 0.528324 
1.55395 0.45368 -1.00799 -0.24884 0.543287 
1.56503 0.437028 -0.95988 -0.288979 0.539718 
1.57689 0.420926 -0.91212 -0.325704 0.536796 
1.5895 0.405407 -0.864647 -0.359361 0.534404 
1.60283 0.390502 -0.817408 -0.390258 0.532445 
1.61685 0.376242 -0.770361 -0.418664 0.530842 
1.63153 0.362656 -0.72347 -0.44482 0.529529 
1.64682 0.349771 -0.676707 -0.468936 0.528454 
1.6627 0.337615 -0.630048 -0.4912 0.527574 
1.67913 0.326212 -0.583475 -0.511779 0.526853 
1.69607 0.315586 -0.536972 -0.530822 0.526263 
1.71349 0.305758 -0.490526 -0.548463 0.52578 
1.73134 0.296749 -0.444127 -0.56482 0.525385 
1.74959 0.288577 -0.397766 -0.58 0.525061 
1.7682 0.281238 -0.354847 -0.590025 0.461521 
1.78708 0.274647 -0.317696 -0.592563 0.409499 
1.80618 0.268717 -0.28504 -0.589626 0.366907 
1.82545 0.263378 -0.255935 -0.582688 0.332035 
1.84487 0.258574 -0.229663 -0.572859 0.303485 
1.86439 0.254258 -0.205666 -0.560986 0.28011 
1.88402 0.250394 -0.183506 -0.547721 0.260972 
1.90372 0.24695 -0.162832 -0.533571 0.245303 
1.92348 0.243902 -0.143367 -0.518928 0.232475 
1.9433 0.241229 -0.124884 -0.504096 0.221972 
1.96317 0.238924 -0.105825 -0.490973 0.24501 
1.98308 0.237016 -0.084991 -0.480858 0.263872 
2.00302 0.235538 -0.0626904 -0.473188 0.279315 
2.023 0.234518 -0.0391783 -0.467492 0.291959 
2.04299 0.233978 -0.0146671 -0.463385 0.302311 
2.06299 0.233918 0.00782439 -0.457103 0.247511 
2.08299 0.234263 0.0260813 -0.446186 0.202645 
2.10297 0.234938 0.0409438 -0.431954 0.165912 
2.12295 0.235882 0.0530661 -0.415415 0.135837 
2.14292 0.237045 0.0629659 -0.397349 0.111214 
2.16287 0.238387 0.0710575 -0.378361 0.0910542 
2.18282 0.239875 0.0776748 -0.35892 0.0745489 
2.20275 0.241483 0.0830885 -0.339388 0.0610354 
2.22268 0.243188 0.0875186 -0.320043 0.0499716 
2.2426 0.244974 0.0911444 -0.301094 0.0409133 
2.26251 0.246825 0.0941123 -0.282695 0.033497 
2.28242 0.248733 0.0971965 -0.265762 0.0432437 
2.30232 0.250711 0.100989 -0.250902 0.0512237 
2.32222 0.25277 0.105361 -0.237816 0.0577571 
2.3421 0.254921 0.110209 -0.226254 0.0631063 
2.36197 0.257172 0.115446 -0.216003 0.0674858 
2.38184 0.25953 0.121002 -0.206884 0.0710714 
2.40169 0.261971 0.122233 -0.193097 -0.036724 
2.42154 0.264356 0.115628 -0.170778 -0.124979 
2.44142 0.266543 0.102522 -0.142166 -0.197237 
2.46133 0.268413 0.0839704 -0.109 -0.256396 
2.48128 0.269867 0.0608381 -0.0726721 -0.304832 
2.50126 0.270819 0.0338498 -0.0343062 -0.344488 

2.5 0.25 0 0 0