0.5 0.25 -3.14159 0 0 
0.525 0.249967 3.13759 0.00524916 0.08 
0.549999 0.249733 3.12552 0.0217648 0.16 
0.57499 0.249095 3.10524 0.050889 0.24 
0.59996 0.247881 3.08077 0.0886048 0.24 
0.624893 0.246056 3.0563 0.130086 0.24 
0.649773 0.243622 3.03183 0.175677 0.24 
0.674587 0.240579 3.00735 0.225736 0.24 
0.699319 0.23693 2.98288 0.280629 0.24 
0.723954 0.232678 2.95841 0.340723 0.24 
0.748477 0.227823 2.93394 0.406368 0.24 
0.772875 0.222371 2.90947 0.477883 0.24 
0.797142 0.216365 2.89022 0.548916 0.14 
0.821323 0.210017 2.88119 0.612791 0.04 
0.845478 0.203572 2.88219 0.669121 -0.06 
0.869671 0.197273 2.89324 0.717275 -0.16 
0.893962 0.191365 2.91458 0.75636 -0.26 
0.918402 0.186107 2.94664 0.785166 -0.36 
0.893975 0.19142 2.90785 0.764188 -0.38 
0.869779 0.197704 2.86674 0.747427 -0.4 
0.845871 0.205005 2.82328 0.734643 -0.42 
0.822313 0.213366 2.77741 0.725601 -0.44 
0.799175 0.222827 2.72911 0.720078 -0.46 
0.776534 0.233421 2.67831 0.717862 -0.48 
0.799179 0.222836 2.73037 0.718517 -0.48 
0.822345 0.213444 2.78243 0.719229 -0.48 
0.845967 0.20527 2.83449 0.720001 -0.48 
0.869984 0.198336 2.88655 0.720838 -0.48 
0.894328 0.192661 2.93861 0.721746 -0.48 
0.918935 0.188261 2.99067 0.722732 -0.48 
0.943738 0.185147 3.04274 0.723801 -0.48 
0.968669 0.183328 3.0948 0.724961 -0.48 
0.99366 0.182809 -3.13633 0.726219 -0.48 
1.01865 0.183591 -3.08427 0.727583 -0.48 
1.04356 0.185673 -3.03221 0.729062 -0.48 
1.06832 0.189047 -2.98014 0.730667 -0.48 
1.09288 0.193706 -2.92808 0.732406 -0.48 
1.11717 0.199637 -2.87602 0.734293 -0.48 
1.14111 0.206823 -2.82396 0.736338 -0.48 
1.16464 0.215246 -2.7719 0.738554 -0.48 
1.18771 0.224882 -2.71984 0.740957 -0.48 
1.21024 0.235705 -2.66778 0.743561 -0.48 
1.23218 0.247686 -2.61572 0.746382 -0.48 
1.25347 0.260792 -2.56366 0.749439 -0.48 
1.27404 0.274988 -2.51159 0.75275 -0.48 
1.29385 0.290236 -2.45953 0.756336 -0.48 
1.31284 0.306494 -2.40747 0.760219 -0.48 
1.33095 0.323717 -2.35541 0.764422 -0.48 
1.34815 0.341861 -2.30335 0.768972 -0.48 
1.36438 0.360874 -2.25129 0.773894 -0.48 
1.37959 0.380712 -2.19795 0.777653 -0.5 
1.39369 0.401352 -2.14201 0.778499 -0.52 
1.40659 0.422758 -2.08475 0.77776 -0.52 
1.41826 0.444868 -2.0275 0.776959 -0.52 
1.42863 0.467609 -1.97024 0.776092 -0.52 
1.43769 0.490907 -1.91299 0.775153 -0.52 
1.4454 0.514685 -1.85573 0.774136 -0.52 
1.45174 0.538865 -1.79847 0.773036 -0.52 
1.45668 0.563368 -1.74122 0.771844 -0.52 
1.46021 0.588113 -1.68396 0.770554 -0.52 
1.46232 0.613021 -1.6267 0.769156 -0.52 
1.463 0.638008 -1.56945 0.767642 -0.52 
1.46228 0.662994 -1.51481 0.769211 -0.48 
1.46025 0.687909 -1.46526 0.777224 -0.44 
1.46234 0.662999 -1.50756 0.760782 -0.36 
1.46349 0.638026 -1.54072 0.735033 -0.28 
1.46391 0.61303 -1.56521 0.701168 -0.2 
1.46383 0.588031 -1.58135 0.660139 -0.12 
1.46345 0.563034 -1.58937 0.612711 -0.04 
1.46297 0.538038 -1.58937 0.559491 0.04 
1.46259 0.513041 -1.58135 0.500946 0.12 
1.46251 0.488042 -1.56521 0.437414 0.2 
1.46286 0.463044 -1.55008 0.380456 0.1 
1.46346 0.438052 -1.54507 0.340401 5.12177e-16 
1.46407 0.413059 -1.55008 0.315815 -0.1 
1.46442 0.388062 -1.56521 0.305533 -0.2 
1.46426 0.363063 -1.59076 0.308683 -0.3 
1.46436 0.388062 -1.55873 0.297129 -0.32 
1.46364 0.41305 -1.52447 0.281503 -0.34 
1.46203 0.437997 -1.48797 0.261347 -0.36 
1.45948 0.462865 -1.44918 0.236151 -0.38 
1.45594 0.487612 -1.40808 0.205346 -0.4 
1.45136 0.512187 -1.36461 0.168294 -0.42 
1.44569 0.536532 -1.31875 0.124289 -0.44 
1.43888 0.560584 -1.27044 0.0725531 -0.46 
1.43089 0.584268 -1.21964 0.0122394 -0.48 
1.44581 0.536566 -1.31146 0.115621 -0.38 
1.45177 0.512289 -1.34685 0.147723 -0.3 
1.45698 0.487839 -1.37347 0.166283 -0.22 
1.46164 0.463277 -1.39168 0.173 -0.14 
1.46596 0.438653 -1.40172 0.16925 -0.06 
1.47012 0.414002 -1.40372 0.156137 0.02 
1.47434 0.38936 -1.39771 0.134536 0.1 
1.4788 0.364762 -1.38361 0.105113 0.18 
1.48883 0.315779 -1.35744 0.0569193 0.08 
1.48361 0.340228 -1.36244 0.06939 0.02 
1.47844 0.364688 -1.36144 0.0751191 -0.04 
1.47317 0.389126 -1.35443 0.0734197 -0.1 
1.46766 0.41351 -1.34135 0.0634752 -0.16 
1.46175 0.437802 -1.32211 0.0443234 -0.22 
1.4553 0.461955 -1.29657 0.0148391 -0.28 
1.44816 0.485912 -1.26453 -0.0262817 -0.34 
1.44017 0.509601 -1.22573 -0.0805322 -0.4 
1.4312 0.532931 -1.17985 -0.149591 -0.46 
1.42115 0.55582 -1.13634 -0.222454 -0.36 
1.41024 0.578315 -1.10428 -0.287165 -0.26 
1.39874 0.600512 -1.08295 -0.343854 -0.16 
1.38688 0.62252 -1.07189 -0.392347 -0.06 
1.39881 0.600552 -1.07289 -0.35607 0.04 
1.41083 0.578631 -1.06386 -0.334939 0.14 
1.42316 0.556883 -1.04461 -0.327906 0.24 
1.43602 0.535443 -1.01475 -0.334226 0.34 
1.44963 0.514474 -0.9736 -0.353485 0.44 
1.47965 0.474512 -0.879444 -0.400302 0.44 
1.51329 0.437549 -0.785288 -0.439134 0.44 
1.55026 0.403913 -0.691132 -0.47141 0.44 
1.59023 0.373902 -0.596975 -0.498292 0.44 
1.63284 0.347782 -0.502819 -0.520722 0.44 
1.67772 0.325784 -0.408663 -0.539466 0.44 
1.72447 0.308102 -0.314507 -0.555153 0.44 
1.77268 0.294895 -0.220351 -0.568298 0.44 
1.82189 0.286158 -0.133394 -0.570992 0.38 
1.87165 0.28138 -0.0603633 -0.557579 0.32 
1.92162 0.279909 -0.000661196 -0.531263 0.26 
1.97161 0.281099 0.0461823 -0.49459 0.2 
2.0215 0.284316 0.0805243 -0.449606 0.14 
2.07128 0.288939 0.10262 -0.397959 0.08 
2.12099 0.294359 0.112632 -0.340971 0.02 
2.17067 0.299979 0.110631 -0.279678 -0.04 
2.2204 0.305201 0.0966037 -0.214874 -0.1 
2.2453 0.307445 0.0814773 -0.176962 -0.2 
2.27024 0.309183 0.0559204 -0.129842 -0.3 
2.29522 0.310148 0.019383 -0.0736803 -0.4 
2.32021 0.310152 -0.0171543 -0.0228345 -0.3 
2.3452 0.309382 -0.0427112 0.010082 -0.2 
2.37017 0.308104 -0.0578376 0.0273627 -0.1 

2.5 0.25 0 0 0