2 2.3 0.785398 0 0 
1.98231 2.28233 0.784049 0.00176966 0.0265168 
1.96458 2.26471 0.780188 0.0070663 0.0501711 
1.94676 2.24717 0.774102 0.0158651 0.0709006 
1.92882 2.22977 0.766082 0.0281312 0.0886522 
1.91072 2.21252 0.756425 0.0438177 0.103381 
1.89245 2.19546 0.745434 0.0628638 0.115053 
1.87397 2.17861 0.73273 0.0860921 0.1369 
1.85527 2.16203 0.718032 0.114307 0.154215 
1.83631 2.14573 0.701794 0.147386 0.166961 
1.81709 2.12974 0.686558 0.182459 0.135344 
1.79766 2.11402 0.674559 0.216694 0.103438 
1.77806 2.09849 0.665795 0.249994 0.0713549 
1.75835 2.08311 0.660261 0.282262 0.0392049 
1.73859 2.06781 0.657946 0.313398 0.00709774 
1.71881 2.05252 0.658836 0.343298 -0.024858 
1.69907 2.03718 0.662912 0.371859 -0.0565542 
1.67941 2.02172 0.67015 0.398974 -0.087883 
1.6599 2.0061 0.680524 0.424535 -0.118736 
1.64057 1.99024 0.693998 0.448436 -0.149007 
1.62146 1.97412 0.707086 0.474975 -0.112294 
1.60254 1.95779 0.716775 0.508328 -0.0819321 
1.58378 1.94125 0.729872 0.540385 -0.177282 
1.56533 1.92439 0.752488 0.563051 -0.266157 
1.54734 1.90703 0.784297 0.57595 -0.348262 
1.53 1.88903 0.825002 0.578614 -0.42329 
1.51348 1.87027 0.874288 0.570526 -0.490916 
1.49799 1.85065 0.931769 0.551169 -0.550796 
1.48373 1.83012 0.996932 0.520081 -0.602571 
1.47091 1.80866 1.06909 0.476923 -0.645878 
1.45975 1.7863 1.14733 0.421551 -0.680367 
1.45043 1.76311 1.23052 0.354087 -0.705717 
1.44311 1.73921 1.31726 0.274978 -0.721667 
1.4504 1.76312 1.2341 0.349747 -0.666279 
1.45954 1.78638 1.15949 0.40736 -0.616161 
1.48244 1.83079 1.03594 0.477774 -0.49109 
1.50998 1.87251 0.943229 0.501496 -0.37792 
1.49571 1.85198 0.984406 0.496634 -0.402764 
1.48234 1.83086 1.02834 0.487745 -0.424586 
1.46993 1.80916 1.07471 0.474847 -0.443291 
1.45856 1.78689 1.12318 0.457991 -0.458797 
1.44831 1.7641 1.17337 0.437262 -0.471035 
1.43923 1.74081 1.2249 0.412774 -0.479953 
1.43137 1.71708 1.27735 0.384675 -0.485516 
1.42478 1.69296 1.33029 0.353138 -0.487708 
1.41947 1.66854 1.38329 0.318363 -0.486532 
1.41549 1.64386 1.43944 0.276008 -0.535011 
1.41297 1.61899 1.50151 0.221512 -0.57426 
1.41207 1.59401 1.56846 0.154939 -0.604002 
1.41282 1.56903 1.63134 0.0867924 -0.518042 
1.415 1.54413 1.68292 0.0267427 -0.434176 
1.41833 1.51935 1.72444 -0.0259747 -0.352936 
1.42257 1.49471 1.75688 -0.0719 -0.274743 
1.42751 1.47021 1.78105 -0.1114 -0.199933 
1.43295 1.44581 1.79761 -0.14471 -0.128784 
1.4387 1.42148 1.80713 -0.171963 -0.0615302 
1.4446 1.39718 1.81009 -0.193216 0.00162677 
1.4505 1.37289 1.80694 -0.208471 0.0605061 
1.45625 1.34856 1.79811 -0.217693 0.114943 
1.46171 1.32416 1.7826 -0.219019 0.191298 
1.4667 1.29967 1.75957 -0.210495 0.260039 
1.47104 1.27505 1.72959 -0.191906 0.320941 
1.47455 1.2503 1.6933 -0.163057 0.373785 
1.4771 1.22543 1.65139 -0.123811 0.418351 
1.47854 1.20047 1.60466 -0.0741446 0.454438 
1.47876 1.17548 1.554 -0.0141875 0.481865 
1.47773 1.1505 1.50714 0.0469262 0.39448 
1.47566 1.12559 1.47039 0.100689 0.309957 
1.4728 1.10075 1.4428 0.147607 0.228695 
1.46935 1.07599 1.42361 0.188006 0.151018 
1.46553 1.05129 1.41217 0.222079 0.0771962 
1.46151 1.02661 1.40797 0.249911 0.00745911 
1.45748 1.00194 1.41054 0.271514 -0.057989 
1.4536 0.977241 1.42081 0.285068 -0.145479 
1.45008 0.95249 1.43965 0.288649 -0.225451 
1.44711 0.927667 1.46505 0.283888 -0.271149 
1.44484 0.902772 1.4951 0.272518 -0.311726 
1.44337 0.877816 1.52934 0.254479 -0.347036 
1.4428 0.852824 1.56726 0.229749 -0.376947 
1.44322 0.827829 1.60833 0.198362 -0.401335 
1.44469 0.802875 1.65193 0.160413 -0.420097 
1.44728 0.778012 1.69744 0.116064 -0.433151 
1.45096 0.753286 1.73781 0.0739183 -0.334418 
1.4555 0.728703 1.7674 0.0418597 -0.241564 
1.46065 0.704239 1.78745 0.0192821 -0.154958 
1.46618 0.679858 1.79894 0.00582997 -0.0748887 
1.4719 0.65552 1.80271 0.00131714 -0.00159211 
1.47762 0.631184 1.79949 0.00566645 0.0647298 
1.48318 0.606811 1.78997 0.0188616 0.123899 
1.48846 0.582374 1.77687 0.0381952 0.135979 
1.4934 0.557868 1.76271 0.060904 0.144907 
1.49799 0.533293 1.7478 0.0868957 0.150664 
1.5022 0.508651 1.73245 0.116061 0.153245 
1.50604 0.483947 1.71701 0.148272 0.152657 
1.50949 0.459186 1.70179 0.183383 0.148919 

1.5 0.5 1.5708 0 0