-2 -2 0.523599 0 0 
-1.97834 -1.98751 0.521598 0.00245968 -0.04 
-1.95663 -1.97512 0.51559 0.0095435 -0.08 
-1.93482 -1.96289 0.505555 0.0208508 -0.12 
-1.91287 -1.95093 0.491461 0.0360333 -0.16 
-1.89073 -1.93933 0.473262 0.05479 -0.2 
-1.86835 -1.92817 0.450897 0.0768641 -0.24 
-1.84571 -1.91757 0.424291 0.102039 -0.28 
-1.82278 -1.90763 0.393353 0.130136 -0.32 
-1.79953 -1.89845 0.357974 0.161013 -0.36 
-1.75204 -1.88285 0.273362 0.230709 -0.44 
-1.7033 -1.8718 0.169169 0.31067 -0.52 
-1.65366 -1.86601 0.0674692 0.373029 -0.42 
-1.60369 -1.86467 -0.0101779 0.397289 -0.32 
-1.55373 -1.86665 -0.0655793 0.392114 -0.22 
-1.50391 -1.87087 -0.0999401 0.363793 -0.12 
-1.45421 -1.87629 -0.113975 0.316936 -0.02 
-1.40452 -1.88191 -0.107968 0.254927 0.08 
-1.35476 -1.88673 -0.0817983 0.18019 0.18 
-1.30485 -1.88974 -0.0349284 0.0943458 0.28 
-1.32982 -1.88852 -0.0615344 0.139281 0.24 
-1.35476 -1.8867 -0.0838995 0.183026 0.2 
-1.32983 -1.88857 -0.0667285 0.145655 0.14 
-1.30487 -1.89008 -0.0556805 0.119051 0.08 
-1.27991 -1.8914 -0.0506749 0.102166 0.02 
-1.25494 -1.89267 -0.0516752 0.0940814 -0.04 
-1.22998 -1.89403 -0.0586888 0.0940067 -0.1 
-1.20503 -1.89565 -0.0717665 0.101271 -0.16 
-1.18011 -1.89767 -0.0910044 0.115318 -0.22 
-1.15525 -1.90025 -0.116547 0.135696 -0.28 
-1.13046 -1.9035 -0.144224 0.156699 -0.26 
-1.10577 -1.90741 -0.169759 0.173194 -0.24 
-1.08118 -1.91193 -0.193174 0.185623 -0.22 
-1.0567 -1.91699 -0.214489 0.194385 -0.2 
-1.03232 -1.92255 -0.233722 0.19984 -0.18 
-1.00806 -1.92856 -0.250888 0.202309 -0.16 
-0.983888 -1.93495 -0.266002 0.202079 -0.14 
-0.959812 -1.94168 -0.279076 0.199411 -0.12 
-0.935819 -1.94871 -0.290121 0.194538 -0.1 
-0.91189 -1.95595 -0.296131 0.183976 -0.02 
-0.887976 -1.96323 -0.29413 0.1647 0.06 
-0.864018 -1.97038 -0.284091 0.137457 0.14 
-0.839963 -1.97718 -0.265884 0.102803 0.22 
-0.815761 -1.98345 -0.239267 0.0611173 0.3 
-0.791378 -1.98896 -0.203872 0.0126029 0.38 
-0.742061 -1.99712 -0.123989 -0.0818212 0.38 
-0.692251 -2.00131 -0.0441068 -0.15965 0.38 
-0.642265 -2.00152 0.0357757 -0.223804 0.38 
-0.592421 -1.99774 0.115658 -0.276737 0.38 
-0.543038 -1.98999 0.195541 -0.320471 0.38 
-0.494431 -1.97833 0.275423 -0.356663 0.38 
-0.446922 -1.96279 0.357638 -0.389401 0.4 
-0.400898 -1.94329 0.444567 -0.421943 0.42 
-0.356797 -1.91977 0.536295 -0.454439 0.44 
-0.315105 -1.8922 0.63291 -0.487021 0.46 
-0.276347 -1.86065 0.734508 -0.51981 0.48 
-0.2409 -1.82541 0.826324 -0.535661 0.38 
-0.208378 -1.78745 0.894893 -0.522711 0.28 
-0.178093 -1.74767 0.941763 -0.487292 0.18 
-0.149277 -1.70681 0.967933 -0.434049 0.08 
-0.121119 -1.66549 0.97394 -0.366425 -0.02 
-0.0927966 -1.62429 0.959905 -0.286941 -0.12 
-0.0634883 -1.58378 0.925544 -0.19735 -0.22 
-0.0323977 -1.54463 0.870143 -0.0987064 -0.32 
-0.0159866 -1.52577 0.840292 -0.0536269 -0.26 
0.000920761 -1.50736 0.81687 -0.020434 -0.2 
0.0181984 -1.48929 0.799699 0.00215804 -0.14 
0.0357532 -1.47149 0.784585 0.0202696 -0.16 
0.053593 -1.45398 0.767419 0.0392029 -0.18 
0.0717484 -1.43679 0.748186 0.0588987 -0.2 
0.0902485 -1.41997 0.726871 0.079305 -0.22 
0.10912 -1.40358 0.703456 0.100377 -0.24 
0.148005 -1.37215 0.656626 0.13678 -0.22 
0.188256 -1.3425 0.613996 0.161978 -0.2 
0.229678 -1.3145 0.57553 0.177987 -0.18 
0.272091 -1.28802 0.541198 0.186453 -0.16 
0.315337 -1.26293 0.51097 0.188724 -0.14 
0.359273 -1.23907 0.484821 0.185904 -0.12 
0.381462 -1.22755 0.472763 0.183496 -0.12 
0.403788 -1.2163 0.460705 0.181307 -0.12 
0.426247 -1.20532 0.448648 0.179316 -0.12 
0.448838 -1.19462 0.43659 0.177506 -0.12 
0.471556 -1.18418 0.424532 0.175861 -0.12 
0.494399 -1.17402 0.412474 0.174365 -0.12 
0.517362 -1.16414 0.400416 0.173005 -0.12 
0.540442 -1.15453 0.388358 0.171768 -0.12 
0.494359 -1.17393 0.406412 0.182544 -0.06 
0.448511 -1.19388 0.412416 0.21235 -1.24033e-16 
0.494319 -1.17384 0.412416 0.17541 -1.24033e-16 
0.540127 -1.1538 0.412416 0.144841 -1.24033e-16 
0.585934 -1.13375 0.412416 0.119568 -1.24033e-16 
0.631742 -1.11371 0.412416 0.0986875 -1.24033e-16 
0.67755 -1.09367 0.412416 0.0814435 -1.24033e-16 
0.723358 -1.07363 0.412416 0.0672071 -1.24033e-16 
0.769165 -1.05359 0.412416 0.0554561 -1.24033e-16 
0.814973 -1.03355 0.412416 0.0457579 -1.24033e-16 
0.860781 -1.01351 0.412416 0.0377548 -1.24033e-16 
0.906589 -0.993467 0.412416 0.0311509 -1.24033e-16 
0.952343 -0.973303 0.420424 0.0161586 0.08 
0.997766 -0.952409 0.444553 -0.0148288 0.16 
1.02025 -0.941483 0.459667 -0.0317384 0.14 
1.04258 -0.930242 0.472741 -0.0446288 0.12 
1.06478 -0.918733 0.483786 -0.0538819 0.1 
1.08685 -0.906993 0.49382 -0.0610826 0.1 
1.1088 -0.895033 0.503853 -0.0676232 0.1 
1.13063 -0.882854 0.513887 -0.0735645 0.1 
1.15234 -0.870455 0.52392 -0.0789614 0.1 
1.17393 -0.85784 0.533954 -0.083864 0.1 
1.19538 -0.845009 0.543987 -0.0883176 0.1 
1.21671 -0.831963 0.554021 -0.0923635 0.1 
1.2379 -0.818704 0.564054 -0.0960391 0.1 
1.25896 -0.805233 0.574088 -0.0993783 0.1 
1.27989 -0.791551 0.584121 -0.102412 0.1 
1.32128 -0.763505 0.60824 -0.112496 0.14 
1.36186 -0.734304 0.64052 -0.130233 0.18 
1.40136 -0.703647 0.681068 -0.154404 0.22 
1.43944 -0.671254 0.730018 -0.184038 0.26 
1.47574 -0.636884 0.787537 -0.218368 0.3 
1.50985 -0.600335 0.853825 -0.256802 0.34 
1.54128 -0.561468 0.929117 -0.298895 0.38 
1.56952 -0.520219 1.01369 -0.344332 0.42 
1.59395 -0.476618 1.10786 -0.392909 0.46 
1.61395 -0.430817 1.212 -0.444523 0.5 
1.62214 -0.407198 1.26036 -0.462333 0.4 
1.62931 -0.383252 1.29689 -0.464578 0.3 
1.63575 -0.359094 1.32245 -0.453602 0.2 
1.64169 -0.33481 1.33758 -0.431165 0.1 
1.64738 -0.310468 1.34258 -0.398578 1.23599e-16 
1.65308 -0.286126 1.33758 -0.356792 -0.1 
1.65902 -0.261842 1.32245 -0.306447 -0.2 
1.65316 -0.286144 1.34694 -0.368878 -0.28 
1.64799 -0.310604 1.38009 -0.448287 -0.36 
1.6592 -0.261886 1.31157 -0.293584 -0.3 
1.6734 -0.213951 1.2562 -0.179286 -0.24 
1.68993 -0.166766 1.21355 -0.0990949 -0.18 
1.7082 -0.120226 1.18127 -0.0446696 -0.14 
1.72777 -0.0742182 1.15716 -0.00915868 -0.1 
1.74827 -0.0286119 1.14112 0.010811 -0.06 
1.73792 -0.0513705 1.14713 0.00389909 -0.06 
1.72771 -0.0741909 1.15313 -0.00371052 -0.06 
1.71764 -0.0970722 1.15914 -0.0120881 -0.06 
1.70771 -0.120014 1.16515 -0.0213109 -0.06 
1.69791 -0.143014 1.17115 -0.031464 -0.06 
1.68825 -0.166073 1.17716 -0.0426408 -0.06 
1.67873 -0.18919 1.18317 -0.0549436 -0.06 
1.66935 -0.212364 1.18918 -0.0684849 -0.06 
1.66011 -0.235593 1.19518 -0.0833879 -0.06 
1.65101 -0.258877 1.20119 -0.0997872 -0.06 
1.6601 -0.235587 1.19719 -0.0858508 -0.02 
1.66923 -0.212314 1.19719 -0.0780274 0.02 
1.67831 -0.189024 1.20119 -0.0757606 0.06 
1.68726 -0.165679 1.20921 -0.078558 0.1 
1.69597 -0.142246 1.22127 -0.0859869 0.14 
1.70435 -0.118692 1.23741 -0.0976696 0.18 
1.7123 -0.0949903 1.25768 -0.113279 0.22 
1.71972 -0.0711192 1.2811 -0.131232 0.24 
1.72656 -0.0470736 1.30663 -0.1501 0.26 
1.73276 -0.0228546 1.33431 -0.169825 0.28 
1.73826 0.00153232 1.36415 -0.190355 0.3 
1.743 0.0260775 1.39619 -0.211648 0.32 
1.74692 0.0507662 1.43044 -0.233669 0.34 
1.75224 0.100474 1.49673 -0.269123 0.3 
1.75447 0.150417 1.55425 -0.288388 0.26 
1.75403 0.200411 1.6032 -0.294518 0.22 
1.75137 0.250336 1.64374 -0.289965 0.18 
1.74688 0.300132 1.67602 -0.276706 0.14 
1.741 0.349784 1.70014 -0.256339 0.1 
1.73412 0.399308 1.71618 -0.230165 0.06 
1.73042 0.424032 1.72319 -0.217695 0.08 
1.72651 0.448725 1.73222 -0.208773 0.1 
1.72236 0.473378 1.74326 -0.203091 0.12 
1.71792 0.497979 1.75634 -0.200371 0.14 
1.71312 0.522515 1.77145 -0.200356 0.16 
1.70793 0.54697 1.78862 -0.202817 0.18 
1.7023 0.571327 1.80785 -0.207545 0.2 
1.69618 0.595565 1.82916 -0.214354 0.22 
1.68951 0.619659 1.85258 -0.223074 0.24 
1.68226 0.643583 1.87811 -0.233556 0.26 
1.67438 0.667308 1.90472 -0.244351 0.26 
1.66587 0.690816 1.93132 -0.254166 0.26 
1.65674 0.714089 1.95792 -0.263094 0.26 
1.63648 0.759789 2.02204 -0.291526 0.36 
1.61283 0.803826 2.10906 -0.341284 0.46 
1.59951 0.824976 2.15614 -0.366857 0.42 
1.58525 0.845511 2.19843 -0.384401 0.38 
1.57019 0.865459 2.23608 -0.394849 0.34 
1.55442 0.884863 2.26922 -0.399005 0.3 
1.52124 0.922259 2.32033 -0.388655 0.2 
1.48657 0.958279 2.35059 -0.356215 0.1 
1.46891 0.975973 2.35961 -0.33495 0.08 
1.4511 0.993525 2.36662 -0.313132 0.06 
1.4332 1.01097 2.37163 -0.290823 0.04 
1.41522 1.02834 2.37463 -0.268076 0.02 
1.39721 1.04568 2.37563 -0.244939 4.25061e-16 
1.36117 1.08034 2.37563 -0.20241 4.25061e-16 
1.32514 1.115 2.37563 -0.167181 4.25061e-16 
1.2891 1.14966 2.37563 -0.138036 4.25061e-16 
1.25306 1.18433 2.37563 -0.113945 4.25061e-16 
1.21703 1.21899 2.37563 -0.0940428 4.25061e-16 
1.18099 1.25365 2.37563 -0.0776086 4.25061e-16 
1.14496 1.28831 2.37563 -0.0640415 4.25061e-16 
1.10892 1.32297 2.37563 -0.0528434 4.25061e-16 
1.07289 1.35763 2.37563 -0.0436018 4.25061e-16 
1.03685 1.3923 2.37563 -0.0359756 4.25061e-16 
1.00079 1.42693 2.37763 -0.0320661 0.02 
0.964594 1.46143 2.38363 -0.0334607 0.04 
0.928123 1.49563 2.39364 -0.0392372 0.06 
0.891243 1.52939 2.40766 -0.0486384 0.08 
0.853826 1.56256 2.42571 -0.0610426 0.1 
0.815708 1.59491 2.45187 -0.0807835 0.16 
0.776567 1.62602 2.49034 -0.111289 0.22 
0.736075 1.65534 2.54143 -0.150998 0.28 
0.693967 1.68229 2.60551 -0.198738 0.34 
0.650061 1.70618 2.68311 -0.253676 0.4 
0.604297 1.72628 2.77487 -0.315275 0.46 
0.556775 1.74175 2.88159 -0.38328 0.52 
0.604268 1.7262 2.76971 -0.30837 0.5 
0.580751 1.73467 2.82053 -0.341363 0.44 
0.55686 1.74203 2.86401 -0.362596 0.38 
0.532694 1.74843 2.90052 -0.37361 0.32 
0.508328 1.75402 2.93037 -0.375689 0.26 
0.483822 1.75896 2.9538 -0.369905 0.2 
0.45922 1.7634 2.97097 -0.357156 0.14 
0.434558 1.7675 2.98201 -0.338195 0.08 
0.409864 1.7714 2.98702 -0.31365 0.02 
0.36043 1.7789 2.99703 -0.271169 0.08 
0.310883 1.7856 3.01913 -0.249789 0.14 
0.261168 1.79091 3.05347 -0.246151 0.2 
0.21128 1.7942 3.10031 -0.257507 0.26 
0.161292 1.79482 -3.12317 -0.281671 0.32 
0.111362 1.79232 -3.06129 -0.303768 0.28 
0.0616575 1.78695 -3.00808 -0.312149 0.24 
0.0122733 1.77915 -2.96335 -0.309384 0.2 
-0.0367557 1.76936 -2.92695 -0.297541 0.16 
-0.085444 1.75799 -2.89877 -0.278295 0.12 
-0.133827 1.74538 -2.87465 -0.257799 0.12 
-0.181893 1.73161 -2.85053 -0.24081 0.12 
-0.229612 1.71669 -2.82642 -0.226736 0.12 
-0.276958 1.70062 -2.8023 -0.215084 0.12 
-0.323902 1.68341 -2.77819 -0.20544 0.12 
-0.370418 1.66508 -2.75407 -0.197463 0.12 
-0.416478 1.64563 -2.72995 -0.190864 0.12 
-0.462056 1.62507 -2.70584 -0.185408 0.12 
-0.507124 1.60342 -2.68172 -0.180896 0.12 
-0.551689 1.58075 -2.66165 -0.172358 0.08 
-0.595885 1.55737 -2.64964 -0.156021 0.04 
-0.639892 1.53363 -2.64564 -0.133276 3.78278e-16 
-0.683899 1.5099 -2.64964 -0.105248 -0.04 
-0.728095 1.48652 -2.66165 -0.0728452 -0.08 
-0.772599 1.46373 -2.67367 -0.0463865 -0.04 
-0.817284 1.44129 -2.67767 -0.0338021 3.71122e-16 
-0.86197 1.41886 -2.67367 -0.0326568 0.04 
-0.906474 1.39607 -2.66165 -0.0409658 0.08 
-0.950606 1.37257 -2.64158 -0.0571192 0.12 
-0.972477 1.36046 -2.63054 -0.0652271 0.1 
-0.994225 1.34813 -2.62151 -0.0701482 0.08 
-1.01587 1.33563 -2.6145 -0.0721838 0.06 
-1.03745 1.323 -2.6095 -0.0716051 0.04 
-1.05897 1.31028 -2.6065 -0.0686562 0.02 
-1.08047 1.29751 -2.6055 -0.0635568 3.55673e-16 
-1.10196 1.28475 -2.6065 -0.0565044 -0.02 
-1.12349 1.27203 -2.6095 -0.0476766 -0.04 
-1.14506 1.2594 -2.6145 -0.0372328 -0.06 
-1.1667 1.24689 -2.62051 -0.0265513 -0.06 
-1.18842 1.23451 -2.62652 -0.0168483 -0.06 
-1.21022 1.22226 -2.63252 -0.00803442 -0.06 
-1.23208 1.21014 -2.63853 -2.84305e-05 -0.06 
-1.18844 1.23454 -2.62451 -0.0195696 -0.08 
-1.14519 1.25963 -2.60646 -0.048884 -0.1 
-1.10246 1.28559 -2.58437 -0.0900456 -0.12 
-1.06036 1.31257 -2.55822 -0.145531 -0.14 
-1.01905 1.34072 -2.52799 -0.218244 -0.16 
-0.97866 1.37019 -2.49366 -0.311476 -0.18 
-0.939373 1.40112 -2.45519 -0.428729 -0.2 
-0.901372 1.43361 -2.41256 -0.573308 -0.22 
-0.864862 1.46776 -2.36573 -0.747531 -0.24 
-0.90142 1.43366 -2.4168 -0.568393 -0.26 
-0.939738 1.40155 -2.47216 -0.409902 -0.28 
-0.979838 1.3717 -2.53184 -0.271178 -0.3 
-1.02171 1.34438 -2.59591 -0.150304 -0.32 
-1.06529 1.3199 -2.66442 -0.0449384 -0.34 
-1.1105 1.29856 -2.73743 0.0473003 -0.36 
-1.15718 1.28068 -2.815 0.128626 -0.38 
-1.20513 1.26658 -2.89722 0.200994 -0.4 
-1.25411 1.25659 -2.98415 0.266086 -0.42 
-1.30378 1.251 -3.07587 0.325317 -0.44 
-1.32875 1.24992 -3.11935 0.347996 -0.38 
-1.35375 1.24983 3.12732 0.360312 -0.32 
-1.37874 1.25063 3.0908 0.371654 -0.38 
-1.40367 1.25243 3.04732 0.390302 -0.44 
-1.42849 1.2554 2.99651 0.416031 -0.5 
-1.45312 1.25965 2.94569 0.439327 -0.44 
-1.47753 1.26507 2.90221 0.451852 -0.38 
-1.5017 1.27145 2.8657 0.455018 -0.32 
-1.52564 1.27863 2.83585 0.449999 -0.26 
-1.54939 1.28645 2.81243 0.437771 -0.2 
-1.57297 1.29474 2.79526 0.419152 -0.14 
-1.61978 1.31231 2.77114 0.374871 -0.1 
-1.66623 1.33082 2.7551 0.328676 -0.06 
-1.68937 1.34028 2.7531 0.30134 0.02 
-1.71253 1.3497 2.75911 0.266776 0.1 
-1.73578 1.35888 2.77321 0.225515 0.18 
-1.7828 1.37587 2.82008 0.131908 0.28 
-1.83072 1.39012 2.88865 0.0293227 0.38 
-1.87961 1.40049 2.98046 -0.0822531 0.48 
-1.85505 1.39587 2.93214 -0.0261157 0.42 
-1.83071 1.39016 2.89102 0.0261042 0.36 
-1.87955 1.40083 2.95955 -0.0573339 0.3 
-1.92895 1.40847 3.01492 -0.110966 0.24 
-1.97868 1.41367 3.05756 -0.140535 0.18 
-2.02856 1.41706 3.0878 -0.150648 0.12 
-2.05353 1.41827 3.09884 -0.150203 0.1 
-2.07852 1.41922 3.10787 -0.14736 0.08 
-2.1035 1.41997 3.11488 -0.142343 0.06 
-2.1285 1.42057 3.11988 -0.135359 0.04 
-2.07852 1.41912 3.10182 -0.139189 0.14 
-2.0286 1.41625 3.06332 -0.115308 0.24 
-1.97889 1.41095 3.00358 -0.0566882 0.34 
-1.92967 1.40221 2.92598 0.0395719 0.4 
-1.95419 1.40709 2.96252 -0.00815841 0.3 
-1.97885 1.41121 2.98808 -0.0382323 0.2 
-2.00359 1.41482 3.00321 -0.0529303 0.1 
-2.02836 1.41819 3.00821 -0.054042 2.90133e-16 
-2.05313 1.42155 3.00321 -0.042933 -0.1 
-2.07787 1.42517 2.98808 -0.0205957 -0.2 
-2.10253 1.42928 2.96252 0.0123223 -0.3 
-2.12705 1.43416 2.92598 0.0555117 -0.4 

-2.1 1.5 2.74889 0 0