0.5 0.25 -3.14159 0 0 
0.475 0.25 -3.14159 0 0 
0.45 0.25 -3.14159 0 0 
0.425 0.25 -3.14159 0 0 
0.4 0.25 -3.14159 0 0 
0.375 0.25 -3.14159 0 0 
0.35 0.25 -3.14159 0 0 
0.325 0.25 -3.14159 0 0 
0.3 0.250033 3.13759 0.00492336 -0.08 
0.35 0.2501 -3.13759 -0.00559984 -7.15573e-18 
0.4 0.250167 3.13759 0.00406129 0.08 
0.449993 0.249431 3.11346 0.0383244 0.16 
0.499934 0.247081 3.07289 0.102803 0.24 
0.549697 0.242288 3.01535 0.204416 0.32 
0.599028 0.234206 2.94002 0.351163 0.4 
0.647492 0.221984 2.84581 0.551068 0.48 
0.671216 0.214107 2.79748 0.664978 0.42 
0.694565 0.205178 2.75636 0.777896 0.36 
0.671242 0.214178 2.78843 0.675651 0.26 
0.647687 0.222553 2.80976 0.592858 0.16 
0.624 0.230547 2.82081 0.528295 0.06 
0.600265 0.238398 2.82181 0.480705 -0.04 
0.576561 0.246344 2.81278 0.448925 -0.14 
0.552973 0.254623 2.79353 0.431976 -0.24 
0.529594 0.263479 2.76366 0.429125 -0.34 
0.506546 0.273157 2.72252 0.439942 -0.44 
0.553067 0.254876 2.80948 0.41083 -0.38 
0.600904 0.240368 2.88251 0.394892 -0.32 
0.649602 0.229061 2.94221 0.394007 -0.26 
0.698834 0.220361 2.98905 0.410564 -0.2 
0.748381 0.213665 3.02339 0.447474 -0.14 
0.773228 0.2109 3.03851 0.471352 -0.16 
0.798115 0.208537 3.05567 0.494759 -0.18 
0.823042 0.206627 3.07491 0.517621 -0.2 
0.848002 0.205223 3.09622 0.53986 -0.22 
0.872987 0.204377 3.11964 0.561387 -0.24 
0.897985 0.20416 -3.13586 0.579394 -0.3 
0.922978 0.204718 -3.1016 0.590587 -0.36 
0.972826 0.208482 -3.03307 0.615647 -0.3 
1.02235 0.215324 -2.9777 0.662694 -0.24 
1.07148 0.224583 -2.93506 0.734572 -0.18 
1.09591 0.229898 -2.92096 0.783811 -0.1 
1.04701 0.219446 -2.94103 0.679649 -0.1 
0.99792 0.209977 -2.96109 0.590226 -0.1 
0.948646 0.201495 -2.98116 0.514211 -0.1 
0.973299 0.205646 -2.96706 0.545485 -0.18 
0.997871 0.210245 -2.94469 0.568905 -0.26 
1.02231 0.215497 -2.91373 0.58342 -0.34 
1.04655 0.22161 -2.87377 0.587707 -0.42 
1.07049 0.228801 -2.82419 0.580093 -0.5 
1.09403 0.237228 -2.77212 0.568448 -0.46 
1.11711 0.246811 -2.72504 0.562124 -0.42 
1.13975 0.257416 -2.68275 0.561379 -0.38 
1.16195 0.268916 -2.6451 0.56652 -0.34 
1.18372 0.281195 -2.61196 0.577894 -0.3 
1.20511 0.294141 -2.5832 0.595885 -0.26 
1.22614 0.307652 -2.55872 0.620907 -0.22 
1.26728 0.336069 -2.51609 0.685833 -0.2 
1.30723 0.36613 -2.47763 0.767109 -0.18 
1.2874 0.350911 -2.49686 0.724924 -0.2 
1.26726 0.336097 -2.51818 0.688216 -0.22 
1.24679 0.321737 -2.54159 0.656704 -0.24 
1.22598 0.307882 -2.56713 0.63009 -0.26 
1.24677 0.321767 -2.53728 0.651316 -0.32 
1.26709 0.336333 -2.50076 0.665924 -0.38 
1.28681 0.351698 -2.45728 0.672991 -0.44 
1.30578 0.367975 -2.40647 0.671411 -0.5 
1.32385 0.385248 -2.35053 0.663176 -0.52 
1.34092 0.403504 -2.29589 0.655784 -0.48 
1.35703 0.422625 -2.24634 0.654181 -0.44 
1.37221 0.442483 -2.20167 0.658627 -0.4 
1.38654 0.462965 -2.16172 0.669423 -0.36 
1.40009 0.483973 -2.12634 0.686902 -0.32 
1.41294 0.505419 -2.09541 0.71142 -0.28 
1.42512 0.527247 -2.06336 0.736647 -0.34 
1.43653 0.549492 -2.02456 0.755486 -0.4 
1.44698 0.572199 -1.97868 0.767047 -0.46 
1.4563 0.595396 -1.92533 0.770264 -0.52 
1.46433 0.619067 -1.87197 0.773617 -0.46 
1.46433 0.619067 -1.87197 0.773617 -0.4 
1.46433 0.619067 -1.87197 0.773617 -0.34 
1.46433 0.619067 -1.87197 0.773617 -0.28 
1.46433 0.619067 -1.87197 0.773617 -0.22 
1.46433 0.619067 -1.87197 0.773617 -0.16 
1.46433 0.619067 -1.87197 0.773617 -0.1 
1.46433 0.619067 -1.87197 0.773617 -0.04 
1.46433 0.619067 -1.87197 0.773617 0.02 
1.46433 0.619067 -1.87197 0.773617 0.08 
1.46433 0.619067 -1.87197 0.773617 0.14 
1.45708 0.595143 -1.85889 0.693614 0.12 
1.45011 0.571133 -1.84785 0.621511 0.1 
1.44338 0.547055 -1.83882 0.557087 0.08 
1.43685 0.522923 -1.83181 0.500013 0.06 
1.43046 0.498753 -1.82681 0.449893 0.04 
1.42417 0.474557 -1.82381 0.40629 0.02 
1.41793 0.450349 -1.82281 0.368751 3.27917e-16 
1.41169 0.426141 -1.82381 0.336824 -0.02 
1.4054 0.401945 -1.82681 0.310069 -0.04 
1.39242 0.353661 -1.84285 0.275191 -0.12 
1.39895 0.377792 -1.82567 0.280011 -0.22 
1.40494 0.402064 -1.79797 0.271423 -0.32 
1.41012 0.426519 -1.75914 0.247288 -0.42 
1.4142 0.451182 -1.70829 0.204805 -0.52 
1.4182 0.500993 -1.59378 0.0882383 -0.52 
1.41649 0.550937 -1.47927 -0.0532774 -0.52 
1.41349 0.575753 -1.42201 -0.134844 -0.52 
1.40908 0.600357 -1.36476 -0.224371 -0.52 
1.40327 0.624669 -1.3075 -0.322348 -0.52 
1.40914 0.600369 -1.35835 -0.232207 -0.42 
1.41391 0.57583 -1.39717 -0.164363 -0.32 
1.41786 0.551146 -1.42488 -0.11599 -0.22 
1.42126 0.526379 -1.44206 -0.0847033 -0.12 
1.42437 0.501572 -1.44907 -0.0685557 -0.02 
1.42742 0.476759 -1.44607 -0.0660051 0.08 
1.43067 0.451972 -1.43298 -0.0758837 0.18 
1.43437 0.427248 -1.40955 -0.0973755 0.28 
1.43878 0.402642 -1.37527 -0.13001 0.38 
1.45034 0.354006 -1.30224 -0.191232 0.32 
1.46509 0.306239 -1.24253 -0.226423 0.26 
1.45732 0.33 -1.26595 -0.217984 0.2 
1.45003 0.353914 -1.28313 -0.216986 0.14 
1.44308 0.377929 -1.29417 -0.224 0.08 
1.43633 0.401999 -1.29918 -0.239705 0.02 
1.42962 0.426083 -1.29818 -0.264891 -0.04 
1.42281 0.450139 -1.29117 -0.300451 -0.1 
1.41577 0.474126 -1.27809 -0.347376 -0.16 
1.4007 0.5218 -1.25396 -0.452359 -0.08 
1.38487 0.569227 -1.24595 -0.555094 -1.73689e-16 
1.36904 0.616655 -1.25396 -0.654698 0.08 
1.37695 0.592938 -1.24291 -0.611341 0.14 
1.38519 0.569336 -1.22574 -0.578526 0.2 
1.39391 0.545906 -1.20232 -0.555684 0.26 
1.40325 0.522717 -1.17247 -0.542283 0.32 
1.41335 0.499851 -1.13595 -0.537853 0.38 
1.42436 0.477407 -1.09247 -0.542004 0.44 
1.43641 0.455507 -1.04166 -0.554443 0.5 
1.46392 0.413784 -0.934975 -0.581711 0.48 
1.49562 0.375144 -0.833378 -0.598864 0.46 
1.53099 0.339829 -0.736763 -0.607686 0.44 
1.56952 0.307994 -0.645035 -0.609631 0.42 
1.61074 0.279722 -0.558105 -0.605886 0.4 
1.6542 0.255032 -0.475891 -0.597438 0.38 
1.6995 0.233889 -0.398315 -0.585108 0.36 
1.74626 0.216212 -0.325307 -0.569583 0.34 
1.79418 0.201994 -0.250015 -0.559316 0.38 
1.84308 0.191646 -0.165443 -0.561151 0.42 
1.89271 0.185704 -0.0712715 -0.573505 0.46 
1.94268 0.184702 0.0328683 -0.595078 0.5 
1.96763 0.186163 0.0824461 -0.60144 0.42 
1.9925 0.188739 0.122412 -0.596024 0.34 
2.01726 0.192193 0.153364 -0.580484 0.26 
2.04191 0.196305 0.175738 -0.556126 0.18 
2.0665 0.200866 0.189838 -0.523988 0.1 
2.09103 0.205674 0.195849 -0.484895 0.02 
2.11555 0.210531 0.193847 -0.439492 -0.06 
2.1401 0.21524 0.183808 -0.388269 -0.14 
2.16472 0.219602 0.165601 -0.331571 -0.22 
2.18943 0.223413 0.138984 -0.269603 -0.3 
2.23914 0.228693 0.0704561 -0.143687 -0.36 
2.2891 0.230218 -0.0117838 -0.0234316 -0.42 
2.33899 0.227277 -0.108431 0.0925093 -0.48 
2.31408 0.229313 -0.0537908 0.0291345 -0.52 

2.5 0.25 0 0 0