-2 -2 0 0 0 
-2.025 -1.99999 -0.00100007 0.00131099 0.02 
-2.05 -1.99993 -0.00400107 0.00542004 0.04 
-2.075 -1.99977 -0.00900541 0.0126127 0.06 
-2.1 -1.99947 -0.0160171 0.0232051 0.08 
-2.12499 -1.99896 -0.0250418 0.0375472 0.1 
-2.14998 -1.99824 -0.0310522 0.0494268 0.02 
-2.17497 -1.99747 -0.0290509 0.051833 -0.06 
-2.19996 -1.99685 -0.019012 0.0437777 -0.14 
-2.22496 -1.99659 -0.00080501 0.0240303 -0.22 
-2.24996 -1.99688 0.0258123 -0.00891343 -0.3 
-2.27493 -1.99795 0.0612073 -0.0568651 -0.38 
-2.29985 -2.00002 0.105893 -0.121971 -0.46 
-2.32463 -2.00326 0.152979 -0.196823 -0.42 
-2.34925 -2.0076 0.195265 -0.272527 -0.38 
-2.37368 -2.01292 0.232911 -0.34922 -0.34 
-2.3979 -2.0191 0.266055 -0.426996 -0.3 
-2.42192 -2.02603 0.294814 -0.505896 -0.26 
-2.37373 -2.01271 0.245864 -0.364494 -0.22 
-2.32499 -2.00156 0.205316 -0.255387 -0.18 
-2.27588 -1.99219 0.173036 -0.174051 -0.14 
-2.22652 -1.98421 0.148917 -0.116052 -0.1 
-2.17702 -1.97722 0.132881 -0.0774253 -0.06 
-2.12743 -1.97083 0.124875 -0.0547972 -0.02 
-2.07781 -1.96463 0.124875 -0.045362 0.02 
-2.02822 -1.95824 0.132881 -0.0468183 0.06 
-1.97871 -1.95125 0.148917 -0.0572915 0.1 
-1.92936 -1.94327 0.173036 -0.0752632 0.14 
-1.90476 -1.93877 0.190207 -0.0891956 0.2 
-1.88026 -1.93381 0.208407 -0.102994 0.16 
-1.85584 -1.92846 0.222501 -0.110566 0.12 
-1.83149 -1.92281 0.232535 -0.11254 0.08 
-1.80718 -1.91697 0.238543 -0.109466 0.04 
-1.7829 -1.91103 0.240544 -0.101828 7.29668e-17 
-1.75861 -1.90509 0.238543 -0.0900487 -0.04 
-1.7343 -1.89925 0.232535 -0.0744979 -0.08 
-1.70995 -1.8936 0.222501 -0.0554955 -0.12 
-1.68553 -1.88825 0.208407 -0.0333178 -0.16 
-1.66103 -1.88329 0.190207 -0.00820103 -0.2 
-1.63643 -1.87884 0.166785 0.020955 -0.26 
-1.61172 -1.87504 0.136934 0.0552155 -0.32 
-1.5869 -1.87207 0.100419 0.094387 -0.38 
-1.56198 -1.87008 0.058133 0.136901 -0.42 
-1.537 -1.8692 0.0110473 0.181285 -0.46 
-1.512 -1.86957 -0.0410226 0.227577 -0.5 
-1.46226 -1.87438 -0.152899 0.316617 -0.52 
-1.43767 -1.87885 -0.204996 0.350368 -0.44 
-1.41331 -1.88448 -0.247302 0.369369 -0.36 
-1.38918 -1.89102 -0.28046 0.375752 -0.28 
-1.36525 -1.89825 -0.304946 0.371214 -0.2 
-1.34147 -1.90596 -0.321092 0.357107 -0.12 
-1.31778 -1.91396 -0.329114 0.334507 -0.04 
-1.29413 -1.92206 -0.329114 0.30426 0.04 
-1.27045 -1.93006 -0.321092 0.267022 0.12 
-1.24667 -1.93777 -0.304946 0.223273 0.2 
-1.22274 -1.945 -0.28046 0.173335 0.28 
-1.19861 -1.95157 -0.250618 0.121443 0.3 
-1.1743 -1.95738 -0.218584 0.0715765 0.32 
-1.14981 -1.96239 -0.18433 0.0235543 0.34 
-1.12515 -1.96653 -0.147826 -0.0228007 0.36 
-1.07547 -1.97203 -0.0725453 -0.1057 0.36 
-1.02551 -1.97377 0.00273528 -0.17403 0.36 
-1.00052 -1.97328 0.0347975 -0.196726 0.26 
-0.975545 -1.97212 0.0561303 -0.204419 0.16 
-0.950594 -1.97056 0.0671842 -0.199027 0.06 
-0.925653 -1.96885 0.0681851 -0.181997 -0.04 
-0.900705 -1.96724 0.0591531 -0.154391 -0.14 
-0.875737 -1.96598 0.0399045 -0.116928 -0.24 
-0.850746 -1.96533 0.0100361 -0.0700051 -0.34 
-0.825748 -1.96552 -0.0253376 -0.0207926 -0.34 
-0.800773 -1.9666 -0.0607113 0.0239192 -0.34 
-0.775851 -1.96855 -0.0960849 0.0645247 -0.34 
-0.751014 -1.97139 -0.131459 0.101393 -0.34 
-0.726293 -1.97511 -0.166832 0.134866 -0.34 
-0.677297 -1.98504 -0.230919 0.184947 -0.28 
-0.628952 -1.99777 -0.282004 0.211326 -0.22 
-0.581221 -2.01265 -0.32048 0.218628 -0.16 
-0.533995 -2.02907 -0.346635 0.210498 -0.1 
-0.487107 -2.04643 -0.360662 0.189813 -0.04 
-0.44036 -2.06417 -0.362663 0.158842 0.02 
-0.393541 -2.08172 -0.352652 0.119374 0.08 
-0.346448 -2.09852 -0.330556 0.0728036 0.14 
-0.322732 -2.10643 -0.311307 0.0427471 0.24 
-0.29883 -2.11375 -0.281439 0.00258091 0.34 
-0.274683 -2.12022 -0.240293 -0.0475566 0.44 
-0.250275 -2.12562 -0.195629 -0.0971745 0.4 
-0.225659 -2.12998 -0.155681 -0.136517 0.36 
-0.200897 -2.13341 -0.120302 -0.16672 0.32 
-0.176034 -2.13601 -0.0893641 -0.188793 0.28 
-0.151107 -2.1379 -0.0627582 -0.203625 0.24 
-0.12614 -2.13918 -0.0403931 -0.211996 0.2 
-0.101151 -2.13991 -0.0169713 -0.220979 0.26 
-0.0761522 -2.13998 0.0128797 -0.236889 0.32 
-0.0511653 -2.13921 0.049395 -0.25937 0.38 
-0.0262294 -2.13745 0.0928736 -0.288171 0.44 
-0.00140489 -2.13452 0.143689 -0.323147 0.5 
0.0476097 -2.12476 0.247829 -0.386396 0.46 
0.0954215 -2.11019 0.342001 -0.427438 0.42 
0.141746 -2.09141 0.426573 -0.450635 0.38 
0.186427 -2.069 0.501865 -0.459424 0.34 
0.208103 -2.05655 0.54301 -0.467592 0.44 
0.229189 -2.04312 0.591318 -0.483455 0.46 
0.249585 -2.02867 0.642116 -0.500882 0.48 
0.2692 -2.01317 0.695457 -0.519797 0.5 
0.28794 -1.99663 0.751396 -0.540134 0.52 
0.322604 -1.96063 0.853096 -0.563797 0.42 
0.353887 -1.92164 0.933028 -0.559228 0.34 
0.382335 -1.88053 0.994931 -0.535063 0.26 
0.408556 -1.83796 1.03968 -0.495342 0.18 
0.433211 -1.79446 1.06788 -0.443184 0.1 
0.456987 -1.75048 1.0799 -0.381015 0.02 
0.480587 -1.7064 1.0759 -0.3107 -0.06 
0.504716 -1.66261 1.05582 -0.233631 -0.14 
0.530069 -1.61952 1.01941 -0.150782 -0.22 
0.557323 -1.5776 0.966171 -0.062733 -0.3 
0.586914 -1.53731 0.910802 0.0119275 -0.24 
0.618443 -1.49851 0.86816 0.0588394 -0.18 
0.651365 -1.46088 0.837924 0.0832233 -0.12 
0.685186 -1.42405 0.81987 0.0892892 -0.06 
0.719448 -1.38764 0.813866 0.0803913 4.31079e-16 
0.753709 -1.35122 0.81987 0.0591866 0.06 
0.787531 -1.3144 0.837924 0.0277689 0.12 
0.820453 -1.27677 0.86816 -0.0122278 0.18 
0.852196 -1.23814 0.89433 -0.0399274 0.08 
0.883315 -1.199 0.900337 -0.0395085 -0.02 
0.914591 -1.15999 0.886302 -0.0160217 -0.12 
0.946799 -1.12175 0.851941 0.0268362 -0.22 
0.980684 -1.08499 0.79654 0.0864905 -0.32 
1.01668 -1.0503 0.741138 0.134889 -0.22 
1.05419 -1.01725 0.706778 0.150587 -0.12 
1.0925 -0.985108 0.692743 0.140131 -0.02 
1.13093 -0.953124 0.69875 0.108378 0.08 
1.16884 -0.920528 0.724919 0.0588656 0.18 
1.20554 -0.886574 0.771789 -0.00593474 0.28 
1.24021 -0.850567 0.840358 -0.0844646 0.38 
1.27214 -0.812102 0.913389 -0.153684 0.32 
1.30145 -0.771603 0.973091 -0.195427 0.26 
1.32857 -0.729599 1.01993 -0.215108 0.2 
1.35396 -0.686528 1.05428 -0.217002 0.14 
1.37812 -0.642758 1.07637 -0.204482 0.08 
1.40158 -0.598604 1.08638 -0.180209 0.02 
1.42493 -0.554388 1.08038 -0.141519 -0.08 
1.44898 -0.510553 1.05421 -0.0862539 -0.18 
1.47461 -0.467627 1.00734 -0.0166772 -0.28 
1.48823 -0.446662 0.983902 0.0131082 -0.18 
1.50222 -0.425949 0.970817 0.0276415 -0.08 
1.51639 -0.405348 0.967814 0.0286449 0.02 
1.53051 -0.384719 0.974831 0.0174303 0.12 
1.54438 -0.363921 0.992012 -0.00505773 0.22 
1.55778 -0.342818 1.01971 -0.0382178 0.32 
1.57048 -0.321283 1.05854 -0.0817915 0.42 
1.58227 -0.299239 1.09966 -0.123946 0.36 
1.59321 -0.276763 1.13503 -0.155306 0.32 
1.6034 -0.253936 1.16597 -0.178425 0.28 
1.61293 -0.230825 1.19258 -0.194204 0.24 
1.6219 -0.207487 1.21494 -0.203432 0.2 
1.63038 -0.183973 1.23314 -0.2068 0.16 
1.63849 -0.160324 1.24724 -0.204914 0.12 
1.65394 -0.112772 1.26328 -0.187439 0.04 
1.66902 -0.0650976 1.26328 -0.154499 -0.04 
1.68447 -0.0175459 1.24724 -0.10875 -0.12 
1.70106 0.0296174 1.21494 -0.0521751 -0.2 
1.71956 0.0760659 1.16597 0.0138062 -0.28 
1.72972 0.0989079 1.13937 0.0446926 -0.24 
1.74043 0.121495 1.117 0.0676127 -0.2 
1.7516 0.14386 1.0988 0.0833911 -0.16 
1.77517 0.187952 1.05824 0.115927 -0.24 
1.80087 0.230835 1.00069 0.16235 -0.32 
1.82935 0.271915 0.925367 0.221125 -0.4 
1.8612 0.310434 0.83115 0.29132 -0.48 
1.87849 0.328491 0.785241 0.319944 -0.38 
1.89649 0.345842 0.750957 0.33206 -0.28 
1.91497 0.362669 0.727522 0.330104 -0.18 
1.93377 0.379156 0.714437 0.315919 -0.08 
1.95269 0.395492 0.711434 0.290887 0.02 
1.97158 0.411865 0.718451 0.256011 0.12 
1.99028 0.428465 0.735632 0.211967 0.22 
2.00859 0.44548 0.763332 0.159131 0.32 
2.02633 0.463092 0.802156 0.0975661 0.42 
2.04327 0.48148 0.853006 0.0269971 0.52 
2.05917 0.500765 0.908944 -0.0431412 0.5 
2.074 0.52089 0.962285 -0.103678 0.48 
2.08776 0.541759 1.01308 -0.155544 0.46 
2.11215 0.585385 1.10726 -0.236667 0.42 
2.13255 0.631016 1.19183 -0.292566 0.38 
2.14925 0.678134 1.26712 -0.328148 0.34 
2.15625 0.70213 1.30826 -0.347954 0.44 
2.16702 0.75094 1.39759 -0.390047 0.4 
2.17362 0.800489 1.47749 -0.414225 0.36 
2.17648 0.850397 1.54825 -0.423934 0.32 
2.17602 0.900387 1.61012 -0.421912 0.28 
2.17269 0.95027 1.66333 -0.410361 0.24 
2.16693 0.999932 1.70806 -0.39106 0.2 
2.16327 1.02466 1.72626 -0.377715 0.16 
2.15922 1.04933 1.74036 -0.360624 0.12 
2.15482 1.07394 1.75651 -0.347596 0.2 
2.14992 1.09846 1.78099 -0.345697 0.28 
2.13823 1.14706 1.82996 -0.341939 0.2 
2.12457 1.19516 1.86226 -0.319732 0.12 
2.10975 1.24291 1.8783 -0.282644 0.04 
2.09456 1.29055 1.8783 -0.233402 -0.04 
2.07974 1.3383 1.86226 -0.174077 -0.12 
2.06608 1.3864 1.82996 -0.106192 -0.2 
2.05418 1.43496 1.79356 -0.0457778 -0.16 
2.04386 1.48388 1.76537 -0.00537567 -0.12 
2.03472 1.53304 1.7453 0.0185886 -0.08 
2.02637 1.58233 1.73329 0.029062 -0.04 
2.01841 1.6317 1.72929 0.0284498 1.21322e-16 
2.01045 1.68106 1.73329 0.0187055 0.04 
2.00233 1.7304 1.73129 0.0181144 -0.06 
1.9948 1.77983 1.70918 0.0408449 -0.16 
1.98888 1.82947 1.66651 0.083336 -0.26 
1.98561 1.87935 1.60239 0.143145 -0.36 
1.98524 1.90435 1.57033 0.168673 -0.26 
1.98554 1.92935 1.54899 0.178923 -0.16 
1.98624 1.95434 1.53794 0.17584 -0.06 

2 2 1.5708 0 0