-2 -2 0 0 0 
-1.975 -2 0 0 0 
-1.95 -2 0 0 0 
-1.925 -2 0 0 0 
-1.9 -2 0 0 0 
-1.875 -2 0 0 0 
-1.85 -2 0 0 0 
-1.825 -2 0 0 0 
-1.8 -2 0 0 0 
-1.775 -1.99997 0.0030018 -0.00369077 0.06 
-1.75 -1.9998 0.0120289 -0.0143349 0.12 
-1.72501 -1.99932 0.0271471 -0.0313741 0.18 
-1.70002 -1.99839 0.048468 -0.0543556 0.24 
-1.67507 -1.99685 0.0761528 -0.082925 0.3 
-1.65018 -1.99453 0.110417 -0.116822 0.36 
-1.62539 -1.99128 0.151537 -0.15588 0.42 
-1.57635 -1.98162 0.236109 -0.225916 0.38 
-1.52824 -1.96807 0.311401 -0.273048 0.34 
-1.4812 -1.95115 0.377688 -0.301686 0.3 
-1.43529 -1.93135 0.435207 -0.315357 0.26 
-1.3905 -1.90913 0.484158 -0.316878 0.22 
-1.34675 -1.88494 0.524705 -0.308516 0.18 
-1.3039 -1.85917 0.556986 -0.292098 0.14 
-1.2618 -1.8322 0.581105 -0.269108 0.1 
-1.22025 -1.80439 0.597141 -0.240751 0.06 
-1.17903 -1.77608 0.605147 -0.208008 0.02 
-1.13793 -1.74761 0.605147 -0.171669 -0.02 
-1.09672 -1.71931 0.597141 -0.132369 -0.06 
-1.05516 -1.6915 0.581105 -0.0906116 -0.1 
-1.01306 -1.66453 0.556986 -0.0467841 -0.14 
-0.970219 -1.63876 0.524705 -0.00117845 -0.18 
-0.926565 -1.61438 0.496506 0.0312858 -0.1 
-0.882429 -1.59089 0.484485 0.0393949 -0.02 
-0.838198 -1.56757 0.488487 0.0275869 0.06 
-0.794253 -1.54372 0.508565 -0.00072043 0.14 
-0.750999 -1.51865 0.544979 -0.0429431 0.22 
-0.708913 -1.49166 0.598214 -0.0971913 0.3 
-0.668582 -1.46213 0.669004 -0.162174 0.38 
-0.630745 -1.42947 0.758375 -0.237142 0.46 
-0.596089 -1.39345 0.847747 -0.298286 0.38 
-0.564417 -1.35477 0.918537 -0.32757 0.3 
-0.535198 -1.3142 0.971772 -0.331765 0.22 
-0.507792 -1.27239 1.00613 -0.31357 0.12 
-0.481404 -1.22992 1.02017 -0.275145 0.02 
-0.455186 -1.18734 1.01416 -0.220194 -0.08 
-0.428289 -1.1452 0.987991 -0.151379 -0.18 
-0.399875 -1.10406 0.941121 -0.0705019 -0.28 
-0.369142 -1.06463 0.872552 0.0214072 -0.38 
-0.335361 -1.02779 0.780735 0.124069 -0.48 
-0.298129 -0.994451 0.681629 0.216405 -0.44 
-0.257923 -0.964755 0.5923 0.281294 -0.4 
-0.21535 -0.938561 0.512405 0.324088 -0.36 
-0.170924 -0.915642 0.441647 0.349069 -0.32 
-0.125075 -0.895716 0.379771 0.359642 -0.28 
-0.0781536 -0.878458 0.326559 0.358524 -0.24 
-0.0304427 -0.863516 0.281829 0.3479 -0.2 
0.0178362 -0.850521 0.24543 0.329534 -0.16 
0.042127 -0.844609 0.233366 0.314195 -0.08 
0.0664647 -0.838893 0.229361 0.290535 2.14889e-16 
0.0908024 -0.833176 0.233366 0.259333 0.08 
0.139328 -0.821126 0.255461 0.188689 0.14 
0.187492 -0.807713 0.289803 0.116 0.2 
0.235071 -0.792359 0.336647 0.0414365 0.26 
0.281763 -0.774495 0.396349 -0.0349858 0.32 
0.327198 -0.753645 0.464857 -0.108015 0.34 
0.371044 -0.729636 0.537865 -0.173405 0.36 
0.412958 -0.702398 0.615441 -0.23258 0.38 
0.452707 -0.672081 0.684009 -0.270598 0.28 
0.490647 -0.639522 0.730879 -0.277167 0.18 
0.527378 -0.605601 0.757049 -0.258857 0.08 
0.563561 -0.571092 0.763056 -0.220499 -0.02 
0.599881 -0.536729 0.749021 -0.165623 -0.12 
0.637019 -0.503255 0.71466 -0.0967334 -0.22 
0.675616 -0.47148 0.659259 -0.0154732 -0.32 
0.716231 -0.44234 0.581612 0.0773002 -0.42 
0.695632 -0.456504 0.621578 0.031773 -0.34 
0.675548 -0.471389 0.65253 -0.00634821 -0.26 
0.716003 -0.442013 0.605686 0.0486126 -0.2 
0.757617 -0.414301 0.571344 0.0795232 -0.14 
0.799998 -0.387773 0.549248 0.0908984 -0.08 
0.8428 -0.361927 0.539237 0.0863444 -0.02 
0.885705 -0.336253 0.541237 0.0687221 0.04 
0.928403 -0.310237 0.555265 0.04029 0.1 
0.970569 -0.283368 0.58142 0.00281743 0.16 
1.01188 -0.25521 0.615753 -0.0373921 0.18 
1.05214 -0.225568 0.654218 -0.075331 0.2 
1.09117 -0.194318 0.696848 -0.11143 0.22 
1.12876 -0.161355 0.743678 -0.146054 0.24 
1.16469 -0.126593 0.794748 -0.17951 0.26 
1.19872 -0.0899701 0.850102 -0.212058 0.28 
1.23059 -0.0514522 0.909787 -0.243922 0.3 
1.26002 -0.0110384 0.973855 -0.27529 0.32 
1.2867 0.0312346 1.04236 -0.306324 0.34 
1.29895 0.0530251 1.07331 -0.315692 0.26 
1.31062 0.0751346 1.09569 -0.31394 0.18 
1.32189 0.0974532 1.10979 -0.30242 0.1 
1.33292 0.119884 1.1158 -0.282207 0.02 
1.34392 0.142337 1.1138 -0.25415 -0.06 
1.35505 0.164723 1.10376 -0.218898 -0.14 
1.36649 0.18695 1.08555 -0.176928 -0.22 
1.37843 0.208915 1.05893 -0.12855 -0.3 
1.39104 0.230499 1.02354 -0.0739096 -0.38 
1.41861 0.272199 0.952749 0.0204121 -0.3 
1.44871 0.312117 0.899515 0.0779783 -0.22 
1.48057 0.350649 0.863101 0.106062 -0.14 
1.5135 0.388269 0.843023 0.1104 -0.06 
1.54686 0.425513 0.841021 0.0930568 0.04 
1.57992 0.463023 0.859085 0.0555712 0.14 
1.61191 0.501449 0.897582 0.00102029 0.24 
1.64197 0.541393 0.957319 -0.0685264 0.34 
1.66912 0.58336 1.03961 -0.1519 0.44 
1.68128 0.605206 1.08669 -0.194842 0.44 
1.69239 0.627598 1.13377 -0.233824 0.44 
1.70243 0.650489 1.18084 -0.269221 0.44 
1.71139 0.673828 1.22792 -0.301375 0.44 
1.71925 0.697556 1.27259 -0.327663 0.4 
1.72611 0.721595 1.31253 -0.345927 0.36 
1.73206 0.745876 1.34791 -0.35709 0.32 
1.7372 0.770341 1.37885 -0.36195 0.28 
1.74163 0.794944 1.40546 -0.361201 0.24 
1.74546 0.819649 1.42782 -0.355447 0.2 
1.74879 0.844426 1.44602 -0.345215 0.16 
1.75172 0.869253 1.46012 -0.330967 0.12 
1.75434 0.894115 1.47015 -0.313105 0.08 
1.75677 0.918996 1.47616 -0.291984 0.04 
1.75912 0.943886 1.47616 -0.26547 -0.04 
1.76156 0.968766 1.46814 -0.231646 -0.12 
1.76431 0.993615 1.45199 -0.191028 -0.2 
1.76756 1.0184 1.42751 -0.143964 -0.28 
1.77152 1.04309 1.39435 -0.0906383 -0.36 
1.77641 1.0676 1.35204 -0.0310676 -0.44 
1.78939 1.11587 1.26743 0.0717033 -0.36 
1.80596 1.16303 1.20111 0.135349 -0.28 
1.82523 1.20917 1.15214 0.167869 -0.2 
1.84635 1.25448 1.11985 0.17552 -0.12 
1.86856 1.29928 1.1038 0.163127 -0.04 
1.89113 1.3439 1.1038 0.13439 0.04 
1.91334 1.38869 1.11985 0.0921258 0.12 
1.93447 1.43401 1.15214 0.0384434 0.2 
1.95373 1.48014 1.20111 -0.025138 0.28 
1.97052 1.52723 1.25432 -0.0820076 0.24 
1.98498 1.57509 1.29905 -0.119128 0.2 
1.99748 1.6235 1.33545 -0.140152 0.16 
2.00842 1.67229 1.36364 -0.148047 0.12 
2.01818 1.72133 1.38371 -0.145211 0.08 
2.02715 1.77051 1.39573 -0.133583 0.04 
2.03573 1.81977 1.39973 -0.114734 4.33789e-16 
2.04431 1.86903 1.39573 -0.0899304 -0.04 
2.05328 1.91822 1.38371 -0.0601954 -0.08 
2.06304 1.96726 1.36364 -0.0263488 -0.12 

2 2 1.5708 0 0